0 1363 212 74 148
0 1463 258 136 49
0 1522 360 103 142
0 1582 376 124 125
0 1730 481 146 55
0 1585 330 116 125
0 1550 228 106 134
0 1580 158 132 115
0 1429 89 143 111
0 1634 152 124 127
0 1713 122 144 95
1 1773 203 104 104
1 1844 161 96 115
0 1920 215 145 112
0 3201 179 73 160
0 3229 310 144 147
1 3259 242 118 98
0 3597 526 148 144
0 800 2829 121 142
0 729 2809 123 140
0 429 2535 55 151
0 515 2497 104 154
1 644 2187 110 98
0 703 2024 44 145
0 644 2012 62 145
0 2221 861 69 156
1 2276 986 101 91
0 2650 940 124 141
0 1789 976 71 155
2 1828 1132 134 144
0 2208 1100 134 117
0 2588 1139 88 154
1 3120 1151 113 67
2 2930 1345 148 75
0 2982 1464 95 161
0 3207 1646 183 52
0 2925 1713 145 128
2 2824 1806 139 91
0 2483 1841 136 131
0 2547 1388 127 133
0 2482 1590 97 154
0 3028 2105 176 64
2 3207 2120 111 138
2 2729 2318 133 101
0 2585 2267 167 64
0 2804 2442 98 159
2 2414 2223 97 136
1 2337 2681 101 129
1 2275 2475 66 105
0 2121 2404 159 73
0 1909 2487 126 138
0 1957 2220 94 161
0 1993 2006 122 136
1 2088 1902 105 89
0 2062 1790 88 150
2 1653 2009 141 112
1 1582 1791 111 104
0 1436 1741 147 40
1 2022 1636 95 107
1 1752 1580 106 110
0 1713 1438 92 150
2 2179 1434 130 125
2 2116 1223 124 83
0 1566 1307 150 55
3 2114 927 152 138>
3 1601 1072 132 138>
3 2805 1017 162 146>
3 2360 1210 146 146>
3 3211 1315 168 152>
3 2681 1504 166 152>
3 3107 1855 172 156>
3 2620 2062 160 162>
3 3018 2305 180 160>
3 2507 2450 160 156>
3 2134 2614 152 152>
3 2216 2082 150 146>
3 1696 2225 146 150>
3 1854 1871 150 150>
3 2239 1727 150 140>
3 1886 1412 146 146>
3 1463 1530 146 146>
3 1387 1949 146 144>
