1 1817 671 67 103
2 1975 849 88 147
0 2091 814 145 68
0 2276 631 59 154
2 2718 656 134 117
0 2315 884 106 136
2 2391 979 86 140
0 2694 821 64 150
2 2880 1107 95 144
0 2821 1245 69 156
0 3008 1053 162 81
2 2768 1398 131 81
1 3016 1563 101 65
1 3229 1525 119 100
0 2937 1715 80 155
0 2746 1866 163 67
0 3013 1947 134 136
0 2523 1805 123 135
1 2428 1698 75 97
0 2313 1712 150 69
1 2156 1736 101 82
2 2499 2163 111 147
1 2272 2220 106 108
0 2205 2371 59 159
0 1779 2174 75 152
0 1924 2034 146 75
1 2073 2006 101 96
0 1477 1901 144 46
2 1635 1880 144 112
2 1764 1600 84 120
2 1978 1552 133 124
0 1663 1501 98 129
1 1555 1424 95 97
0 1432 1462 146 45
0 2399 1301 119 132
0 2155 1279 149 71
0 1972 1204 116 126
0 1743 1148 144 68
0 1569 1071 122 117
0 1326 229 128 116
2 1181 269 132 156
4 1015 678 142 112
1 713 1764 113 86
1 744 1841 84 88
2 652 2174 127 130
0 3748 146 157 147
3 1975 603 132 132
3 1659 939 130 130
3 2095 1093 136 136
3 1785 1368 126 126
3 1473 1576 132 132
3 1923 1849 138 138
3 2263 1530 142 142
3 2626 1197 150 150
3 2468 734 146 146
3 2883 842 150 150
3 3000 1334 154 154
3 2616 1591 144 144
3 3159 1730 148 148
3 2375 1938 148 148
3 2729 2143 150 150
3 1990 2318 134 134
3 1543 2112 128 128
3 2413 2448 144 144
