3 1316 1516 142 142
3 1805 1524 138 138
3 1607 1044 138 138
3 1954 1145 142 142
3 1521 1835 140 140
3 1878 1893 150 150
3 1715 2285 136 136
3 2129 2335 142 142
3 2674 2405 150 150
3 2420 1911 146 146
3 2952 1996 146 146
3 2154 1514 136 136
3 2706 1572 158 158
3 3168 1647 146 146
3 2425 1115 154 154
3 2249 655 150 150
3 1810 660 136 136
3 2767 723 154 154
0 1402 1293 132 105
0 1507 1476 46 149
0 1621 1308 136 95
2 1496 1612 137 86
0 1695 1889 32 150
0 1569 2099 139 100
0 1697 2055 68 99
0 1893 2306 50 155
2 1867 2429 138 118
0 2210 2144 139 114
2 2347 2278 106 143
0 2136 1971 34 155
0 2335 2440 34 161
2 2607 2143 124 156
0 2018 1724 137 102
1 1958 1380 92 100
0 1834 1310 143 83
0 2058 1342 141 111
0 1960 1521 36 151
1 1689 1758 108 95
0 2296 1749 147 105
0 2526 1771 145 121
0 2842 1802 148 111
0 3004 1810 157 103
2 2843 2291 138 149
2 2407 1441 138 114
1 2201 1276 105 99
1 2702 1304 107 107
1 2964 1450 113 84
1 3170 1348 95 99
2 2718 1001 123 82
1 2225 989 105 110
0 2496 730 49 154
0 2390 899 152 106
2 1754 957 143 126
2 2006 818 125 143
4 2977 1163 128 128
0 906 148 108 129
0 902 228 120 142
0 3492 755 74 169
0 3618 727 187 76
0 3837 930 142 148
0 3623 569 109 171
0 3629 480 161 144
0 3687 573 101 171
0 3805 492 162 140
1 3845 755 122 120
1 3910 832 141 123
0 3908 572 141 165
0 3950 665 105 175
0 3812 248 188 106
0 3756 384 48 167
0 3964 305 125 169
0 3516 2734 157 131
0 3474 2839 161 86
0 3549 2769 148 133
0 3770 2381 148 142
0 3935 2351 183 70
1 3830 2721 128 109
1 3601 2809 124 118
1 3923 2708 131 131
0 3649 2835 129 154
