3 1434 1491 146 146
3 1398 2031 154 154
3 1810 2305 144 144
3 2159 2518 160 160
3 3121 2134 154 154
3 2224 2069 148 148
3 2711 1785 152 152
3 1873 1780 152 152
3 2282 1511 150 150
3 3196 1591 160 160
3 2671 1290 156 156
3 2262 1142 150 150
3 1865 1227 136 136
3 1476 1067 132 132
3 1926 836 138 138
3 2265 603 146 146
3 2782 904 148 148
3 3201 1110 152 152
4 2649 2357 134 134
1 2463 2531 106 93
0 3075 2859 175 61
1 2355 2330 86 116
0 1992 2361 98 148
0 1994 2204 113 151
0 2016 1889 116 138
2 1654 1972 151 123
2 1512 2202 153 130
0 1630 1571 113 141
0 1798 1494 153 40
0 2033 1657 105 146
0 1346 1698 156 37
2 1508 1715 148 100
2 2353 1771 123 138
1 2497 2067 108 103
2 2825 2086 83 135
0 3121 1860 176 60
0 2937 1745 121 156
1 2838 1574 113 110
1 2524 1552 108 103
0 2050 1371 98 146
0 2260 1305 153 41
0 2455 1405 115 148
1 2413 1295 113 101
0 2489 1161 83 158
2 3029 1341 144 133
2 2875 1067 143 150
0 2488 929 110 150
0 2503 683 116 150
0 2302 805 156 45
2 2159 799 110 143
0 1874 1030 153 43
0 1453 1246 151 43
2 1334 1231 103 143
1 1703 1029 98 65
0 1650 902 113 143
0 1027 2788 80 158
0 1129 2823 131 133
0 3823 62 161 105
