0 1814 811 63 147
2 1845 927 141 101
0 1963 997 143 72
0 1575 1072 138 82
2 1423 1039 125 132
2 2092 1057 86 123
0 1347 1432 133 73
0 1580 1427 136 92
2 1669 1361 137 94
0 1965 1388 131 101
0 1479 1622 57 142
2 1494 1736 152 86
1 1315 1866 103 72
0 1739 2009 49 145
0 1646 2167 125 112
1 1983 2233 103 107
0 2005 2369 39 148
0 2067 2138 135 89
2 2166 2043 140 90
0 1821 1784 127 96
0 1915 1618 60 142
2 2152 1827 125 134
1 2348 1671 81 96
0 2628 1953 59 160
2 2435 2226 101 153
0 2445 2399 35 150
0 2758 2123 156 106
1 2612 1798 92 100
0 2347 1516 59 155
1 2338 1407 90 60
0 2994 1712 164 80
1 2839 1624 105 112
2 2803 1387 139 127
0 2456 1322 138 102
1 2539 1127 58 152
0 2644 879 141 119
0 2412 930 144 95
1 2279 847 74 92
1 2265 651 89 107
0 588 318 98 129
0 853 193 128 94
4 1198 2657 134 125
2 862 2427 146 129
0 859 2282 88 134
3 2457 725 142 142
3 2066 838 138 138
3 1610 904 130 130
3 1897 1173 128 128
3 2258 1213 136 136
3 1461 1268 132 132
3 2812 1168 140 140
3 2568 1479 140 140
3 3092 1510 148 148
3 2926 1924 152 152
3 2439 1920 146 146
3 1949 1994 140 140
3 1531 2053 140 140
3 2115 2334 144 144
3 2672 2353 140 140
3 1734 1651 130 130
3 1277 1705 134 134
3 2164 1541 140 140
