0 1876 797 64 147
0 2038 976 140 65
0 2499 878 149 79
0 2733 809 133 117
0 2644 1067 65 153
0 2572 1278 135 115
0 1641 1083 135 69
0 2066 1377 127 101
0 1431 1463 134 61
0 1665 1437 124 93
0 2467 1484 63 148
0 2025 1616 56 144
0 1579 1648 46 137
0 1939 1797 121 104
0 1873 2030 55 144
0 1780 2205 113 110
0 2218 2150 129 88
0 2168 2393 38 148
0 2631 2392 39 148
0 2940 2084 161 93
0 2793 1917 70 152
0 3160 1641 169 72
1 2328 604 94 114
1 2354 802 74 93
2 1913 916 134 94
2 2177 1029 76 127
2 1491 1053 119 129
2 1757 1368 139 87
1 2132 2255 98 94
2 2287 1814 130 134
1 2486 1642 80 98
2 1599 1767 145 89
1 1421 1911 101 72
2 2320 2041 134 92
2 2612 2219 114 159
1 2765 1757 101 106
1 2993 1562 109 113
2 2941 1322 139 125
3 2526 667 142 142
3 2140 810 148 148
3 1678 903 134 134
3 1983 1159 136 136
3 2355 1181 148 148
3 2931 1097 154 154
3 1545 1288 126 126
3 3248 1427 158 158
3 2701 1429 144 144
3 2285 1523 132 132
3 1843 1662 128 128
3 1381 1749 134 134
3 1662 2092 138 138
3 2092 2002 138 138
3 2595 1902 148 148
3 3096 1874 158 158
3 2288 2348 144 144
3 2867 2338 148 148
0 1148 147 107 126
2 1220 316 121 134
0 598 381 97 125
0 742 268 114 106
0 860 243 132 97
2 772 432 111 130
1 708 681 74 89
0 971 2370 89 137
2 986 2521 142 130
0 1216 2645 102 143
4 1346 2736 131 136
1 949 2667 103 81
