2 1719 634 142 130
0 1824 747 97 138
0 2189 666 89 154
2 2152 786 123 149
0 2217 914 116 137
1 2670 793 86 112
1 2569 975 112 117
2 2294 1045 123 141
0 2636 1121 122 149
0 2855 1209 156 36
0 2630 1356 108 153
0 2446 1483 153 36
1 2304 1484 103 93
0 2246 1579 91 147
1 2162 1713 83 97
2 2705 1726 106 134
1 2600 1945 69 90
0 2680 2100 122 144
0 2256 2310 116 154
0 2239 2097 86 154
1 2316 1956 73 103
2 1910 1730 83 125
2 1801 1928 140 125
2 1925 2220 91 143
0 1840 2367 114 147
0 1658 1951 142 55
1 1528 1984 101 104
0 1472 2109 109 147
0 1271 1739 150 47
0 1444 1656 99 143
0 1639 1514 149 33
0 1819 1420 83 145
0 1993 1256 142 33
2 1749 1056 128 145
0 1633 1052 148 41
0 1422 929 117 133
0 1430 1176 105 141
2 1375 1285 135 134
1 1141 1288 103 102
1 3703 2269 130 120
2 3756 2230 145 146
0 3815 2350 164 103
0 3854 2333 166 103
1 3703 2434 96 110
0 3563 2578 135 144
0 3515 2509 140 135
0 1515 2783 133 136
0 1193 2807 152 85
0 528 1753 56 140
1 459 1776 89 91
0 450 1854 145 104
1 281 1610 120 76
0 479 1382 61 139
3 1965 628 142 142>
3 2393 841 154 152>
3 1617 859 134 150>
3 2059 1027 146 144>
3 2784 972 156 152>
3 2343 1275 146 142>
3 2834 1548 160 150>
3 2456 1675 144 146>
3 2869 1987 152 154>
3 2103 1976 146 146>
3 2499 2232 156 154>
3 2052 2462 146 150>
3 1594 2150 146 156>
3 1638 1766 146 152>
3 1232 1587 140 142>
3 1643 1348 144 144>
3 2079 1505 140 150>
3 1203 1131 146 150>
