4 1115 175 152 145
1 1962 474 96 115
0 1556 813 104 161
0 1706 961 163 63
2 2054 728 128 168
0 2195 737 164 66
0 2463 610 116 168
0 2402 900 76 170
2 2445 1034 128 158
0 2828 979 133 149
2 2913 812 161 157
0 3062 1349 182 45
2 2899 1354 147 154
0 2789 1479 125 159
2 2674 1621 151 101
1 2855 1889 121 111
1 3102 1924 116 76
0 2722 2009 138 166
0 2713 2269 93 171
0 2469 2087 183 66
0 2274 1942 100 165
1 2210 1794 81 97
0 2091 1766 168 45
1 1923 1734 105 66
0 2332 1376 92 166
0 2089 1257 161 40
0 1927 1110 88 158
0 1274 1176 161 59
1 1418 1186 116 109
0 1503 1304 83 154
2 1572 1446 124 144
2 1804 1480 159 118
2 1338 1682 166 96
0 1173 1642 156 74
0 1384 2032 123 149
0 1578 1947 167 47
1 1738 1975 114 85
1 1866 2257 120 110
0 1743 2385 121 161
2 2114 2289 142 144
0 340 1418 157 87
2 275 1612 138 119
0 474 1620 156 47
0 257 1705 154 66
1 443 1216 125 82
3 2153 462 150 150
3 1698 705 150 150
3 2104 1040 154 154
3 1672 1203 148 148
3 1288 1314 152 152
3 1641 1766 148 148
3 1171 1880 150 150
3 2079 2016 154 154
3 1543 2246 156 156
3 1922 2543 154 154
3 2346 2361 160 160
3 2945 2107 172 172
3 2447 1751 160 160
3 2104 1560 154 154
3 2945 1643 168 168
3 2604 1349 166 166
3 3023 1080 162 162
3 2623 791 166 166
