0 635 92 121 136
0 632 171 124 145
0 1785 595 49 165
1 1756 773 108 116
2 1541 897 120 140
1 2008 923 112 120
0 2158 846 160 131
2 2512 908 142 160
0 2277 647 50 176
0 2703 829 169 101
0 2894 1308 186 102
1 2748 1388 93 103
0 2601 1334 138 130
2 2445 1255 87 138
2 2214 1366 118 146
1 1987 1225 116 104
0 1838 1293 154 109
1 1729 1340 100 110
0 1612 1257 144 107
0 1399 1258 152 108
0 1142 1247 143 110
0 1261 1448 56 159
1 1220 1609 119 82
1 1045 1694 123 108
2 1473 1720 152 107
0 1459 1884 46 163
0 1857 1743 138 124
0 1323 2114 128 97
2 1426 2032 103 127
2 1929 2076 86 143
0 1682 2295 49 176
2 1688 2474 142 114
0 2156 2432 44 168
0 2042 2164 146 136
0 2305 2204 166 107
2 2419 2140 88 161
1 2660 2315 80 118
0 3439 2763 157 154
0 3666 2355 162 158
1 3757 2391 115 122
0 3838 2321 195 75
0 3311 639 77 181
0 3677 814 159 162
1 3744 705 147 128
1 3681 628 136 129
0 3783 528 110 190
0 3735 434 162 175
0 3716 374 146 186
0 3620 352 171 151
0 3487 420 163 165
0 3429 428 156 165
0 3441 345 169 154
0 3570 242 58 189
0 3794 156 159 174
0 3622 105 202 123
3 1571 593 150 150>
3 2022 577 162 156>
3 2562 629 166 160>
3 1354 982 146 156>
3 1724 1088 146 160>
3 2207 1037 168 168>
3 2801 1201 172 168>
3 2498 1519 174 162>
3 1938 1468 160 162>
3 1580 1501 146 160>
3 1066 1485 146 160>
3 1280 1831 152 152>
3 1661 1892 150 160>
3 2222 1895 162 166>
3 2772 1975 168 168>
3 2501 2417 162 172>
3 1929 2354 160 166>
3 1496 2305 152 150>
4 3698 2146 178 144>
