3 1424 255 138 138
3 1317 602 142 142
3 1757 513 132 132
3 2139 442 132 132
3 2529 297 128 128
3 2498 688 134 134
3 2178 102 128 128
3 1808 184 128 128
3 2090 763 146 146
3 1642 872 142 142
3 2834 960 142 142
3 2451 1107 154 154
3 1953 1235 158 158
3 1554 1348 160 160
3 2791 1406 150 150
3 2398 1515 162 162
3 1936 1755 176 176
0 1578 364 117 113
1 1493 444 96 89
1 2045 194 85 77
0 1962 303 124 99
1 1815 725 94 75
0 1858 863 66 145
0 1410 949 89 154
1 1463 1083 100 111
4 2884 520 126 139
0 2613 970 100 145
1 2700 1113 117 111
1 1812 1396 99 79
0 1951 1421 159 77
