3 1574 697 138 146>
3 1997 685 146 146>
3 2501 729 152 156>
3 1378 1077 146 146>
3 1727 1160 138 146>
3 2183 1111 146 156>
4 2736 1152 102 122>
3 1099 1552 138 152>
3 1593 1552 146 142>
3 1936 1515 146 152>
3 2474 1559 156 152>
3 2927 1625 166 162>
3 1309 1869 146 146>
3 1667 1921 146 146>
3 2203 1911 162 152>
3 2734 1973 166 162>
3 1520 2315 142 142>
3 1929 2350 152 156>
3 2476 2401 156 156>
0 664 293 114 138
0 669 218 117 139
0 3494 247 178 115
0 3650 296 152 154
0 3445 375 54 171
0 3329 471 157 144
0 3332 555 108 169
0 3386 554 108 169
0 3496 474 156 142
0 3584 489 127 173
0 3599 554 141 160
0 3645 637 103 171
0 3325 709 181 90
0 3206 740 79 164
1 3550 730 127 116
1 3614 799 135 118
0 3547 897 142 146
0 3557 2336 149 146
0 3711 2296 186 62
1 3639 2363 100 119
0 3320 2701 151 146
0 3287 2810 174 91
0 3357 2737 149 145
1 3626 2678 132 123
1 3719 2657 122 125
1 3409 2772 126 116
2 1768 841 127 146
2 1524 983 148 124
1 1983 1006 107 108
0 2143 908 146 109
0 2243 746 44 159
2 2463 1002 127 82
1 2918 1330 96 103
1 2722 1439 112 86
2 2178 1441 143 117
1 1972 1286 106 98
0 1833 1356 143 113
0 1610 1330 149 75
1 1735 1392 105 103
0 1742 1539 37 148
0 1396 1334 143 100
0 1177 1325 134 103
0 1288 1508 48 148
2 1275 1643 150 102
1 1477 1783 112 105
0 1483 1915 43 154
0 1805 1736 140 103
0 2081 1754 147 109
0 2304 1772 144 120
0 2616 1786 148 115
0 2774 1791 153 95
2 2635 2277 135 152
2 2395 2134 126 154
2 2142 2283 114 150
0 2134 2451 36 162
2 1672 2459 147 106
0 1690 2334 43 156
0 1928 1984 39 156
0 2004 2155 146 122
1 1488 2081 76 97
0 1362 2132 141 111
