0 2627 793 116 146
2 2550 905 101 149
0 2243 786 60 146
2 2168 644 139 109
0 1802 871 80 146
0 1967 1042 132 69
0 2082 1074 104 143
0 1754 1111 124 123
1 1455 1148 80 99
2 1670 1202 110 141
0 1462 1612 143 50
0 1646 1575 118 122
0 1862 1492 146 59
0 2052 1448 109 131
0 2266 1329 150 61
2 2058 1775 91 123
1 1644 1914 76 88
0 1769 1918 136 80
2 1907 1936 126 132
0 1558 2014 123 115
2 1951 2255 123 143
0 1830 2370 124 116
0 2288 2225 115 139
0 2248 2433 82 158
0 2730 2358 94 162
1 2687 2182 80 104
1 2398 2113 89 104
0 2580 1047 82 149
2 2852 1996 77 133
1 2313 1828 104 101
0 2430 1720 120 131
1 2513 1641 109 99
0 2659 1677 159 64
0 2881 1606 135 142
0 3157 1519 166 64
0 2951 1365 88 155
2 2624 1200 140 131
1 2926 1200 115 104
1 3080 1045 106 115
1 3734 2843 119 123
0 841 1073 80 137
2 732 1186 131 117
0 794 1432 77 135
0 1141 2588 131 111
1 1120 2689 103 113
