0 659 460 127 120
0 759 570 125 108
0 515 719 118 112
0 413 776 128 86
0 304 905 113 107
0 547 929 78 132
0 480 1060 76 137
0 400 1090 127 39
1 459 1156 78 83
0 3509 236 156 127
0 3595 241 166 128
0 3926 522 112 182
1 3813 881 130 120
1 3677 790 110 84
2 3673 711 148 91
0 3817 747 169 104
0 3824 704 161 103
1 3694 642 117 73
0 3761 1073 68 166
0 3847 1077 82 164
0 2719 2829 154 46
0 1330 2894 119 128
0 1042 2690 118 132
2 1245 1313 109 118
0 1395 1306 143 44
2 1608 1091 130 72
0 1740 1117 143 34
2 1873 1135 94 128
0 1549 991 89 133
1 1984 892 75 97
1 1917 717 103 109
0 2325 815 110 143
0 2132 931 146 50
0 2304 1069 97 151
2 2621 1230 137 96
1 2729 1439 108 98
0 2900 1475 159 40
0 2285 1277 115 137
1 2202 1389 104 86
0 2236 1488 98 138
1 2288 1632 93 102
1 2567 1667 103 99
0 2631 1815 100 145
0 2806 1938 154 56
0 2591 2302 72 152
2 2529 2133 123 143
0 2167 2412 75 151
1 2102 2289 99 93
0 2160 2164 117 117
2 2225 2043 131 73
2 2145 1835 137 115
0 1863 1714 92 138
0 1822 1904 109 130
0 1811 2144 87 143
0 1768 2326 104 137
1 1363 2136 104 57
2 1498 1956 142 58
0 1459 1853 84 137
0 1494 1627 115 119
2 1562 1541 128 59
0 1846 1480 107 116
0 1282 1711 139 32
3 2112 732 142 138>
3 1790 946 140 142>
3 2566 1028 154 144>
3 2927 1261 154 154>
3 2436 1387 146 144>
3 2072 1237 140 142>
3 1727 1298 138 140>
3 1391 1139 132 134>
3 1348 1522 130 138>
3 2085 1569 134 142>
3 2898 1697 160 152>
3 2449 1849 144 146>
3 2797 2194 160 152>
3 2270 2343 140 150>
3 2013 2066 140 142>
3 1629 2252 128 134>
3 1707 1800 134 134>
3 1294 1997 132 142>
