0 944 671 139 71
1 1008 620 95 101
0 1066 654 132 116
0 1286 360 132 120
1 1789 760 66 107
2 1948 927 89 144
0 2061 889 154 82
0 2283 947 115 131
2 2366 1037 85 138
0 1555 1169 122 114
0 1730 1236 143 80
0 1963 1278 119 121
0 2149 1338 154 81
0 2390 1351 122 124
2 2762 1428 143 87
0 2807 1276 64 153
2 2852 1136 93 141
0 2979 1077 157 86
0 2655 866 76 158
2 2672 705 140 108
0 2238 700 58 151
1 3017 1586 106 63
1 3225 1531 115 99
0 2945 1737 80 151
0 2764 1898 166 88
0 3038 1966 142 134
0 2539 1851 131 128
1 2433 1746 93 103
0 2327 1763 151 77
1 2173 1795 104 90
2 2535 2207 126 148
1 2309 2275 109 108
0 2251 2429 51 153
1 2100 2072 110 108
0 1954 2109 148 90
0 1817 2254 82 160
2 1656 1964 150 118
0 1497 1992 158 55
2 1982 1620 139 134
2 1774 1677 86 115
0 1669 1589 102 127
1 1559 1518 90 94
0 1441 1561 147 61
0 804 1827 97 144
1 764 1967 83 92
0 1023 2032 58 147
0 716 2396 157 56
0 682 2031 119 143
1 736 1895 118 94
0 704 2108 142 129
0 879 2238 150 101
0 773 2293 70 142
0 606 2316 97 151
0 696 2166 131 130
0 753 2200 135 108
0 3650 155 163 158
3 1942 690 144 144>
3 2431 790 160 144>
3 2850 877 156 154>
3 2084 1160 142 150>
3 2609 1238 156 144>
3 1644 1032 142 142>
3 2761 2179 172 156>
3 2402 1985 150 154>
3 2029 2385 154 156>
3 1944 1922 146 142>
3 1494 1670 142 138>
3 1783 1445 146 140>
3 2266 1587 154 142>
3 2622 1623 166 150>
3 2992 1353 174 154>
3 3169 1741 164 162>
3 2468 2498 150 154>
