4 853 1692 79 141
2 691 1602 104 110
0 643 1695 68 88
0 510 1778 123 45
2 381 1766 62 122
2 684 1805 84 75
1 739 1857 78 82
0 1094 1974 59 98
0 1230 1904 119 61
1 1049 2076 53 94
1 1422 2118 85 86
0 1525 2200 105 101
0 1698 2252 124 54
0 1853 2263 113 102
2 1955 2326 106 137
0 2672 2913 46 152
1 2684 2768 98 95
0 2793 2735 142 53
0 2851 2622 48 123
1 2841 2487 104 71
0 2564 2384 110 53
0 2716 2436 132 100
2 2455 2394 120 131
0 2335 2340 124 96
0 2246 2210 39 108
0 2187 2080 118 92
0 2507 2127 127 80
1 2425 2084 89 84
0 2384 1987 43 94
2 2095 1965 115 108
0 1905 2019 123 53
0 1759 2020 101 91
2 1653 1920 98 93
0 2170 1835 118 30
1 2252 1818 85 69
0 2471 1885 120 41
1 2549 1855 74 78
0 2552 1796 31 56
0 2507 1717 111 77
2 2406 1641 111 91
0 2392 1590 24 73
0 2327 1499 101 59
0 2168 1487 102 46
1 2077 1485 71 73
0 1657 1829 48 87
0 1599 1749 94 74
0 1483 1708 112 32
2 1367 1735 101 104
0 1308 1695 81 72
0 1134 1669 109 46
2 1033 1685 91 91
0 943 1635 90 71
0 928 1538 60 80
2 942 1445 83 85
0 727 1413 108 50
1 621 1398 57 76
0 844 1339 61 78
1 864 1273 66 62
1 1176 1334 49 67
0 1250 1323 99 32
0 1363 1349 89 61
2 1428 1373 80 103
0 1442 1459 37 73
0 1783 1505 23 79
1 1794 1416 73 60
0 1710 1383 88 69
0 1618 1317 25 69
0 1544 1221 88 56
0 2232 1421 33 71
2 2229 1334 103 77
0 2144 1321 79 50
1 1844 1234 64 53
0 1843 1187 24 42
1 1562 1171 60 63
0 1570 1136 22 36
4 2413 1402 71 119
0 2104 1247 31 67
0 2185 1188 93 31
1 2265 1172 45 64
0 1916 1150 86 30
0 1811 1001 87 29
0 1934 1028 73 60
2 1993 1115 55 90
0 2078 1046 75 51
0 1637 1084 88 36
2 1701 1073 58 92
0 2192 1067 85 58
0 1710 1018 20 21
0 1681 984 72 47
1 1611 940 60 56
2 1409 1019 53 94
0 1303 1046 79 53
0 1219 1051 79 56
2 1148 994 75 84
0 1202 970 33 62
0 1248 903 84 26
1 1316 908 49 65
3 2467 2912 132 132
3 2732 2580 106 106
3 2197 2477 128 128
3 1760 2394 120 120
3 1408 2336 110 110
3 968 2218 108 108
3 1970 2216 100 100
3 2429 2231 102 102
3 2219 1961 90 90
3 1880 1920 90 90
3 2059 1730 78 78
3 1654 2084 88 88
3 1267 2031 104 104
3 908 1956 102 102
3 535 1945 96 96
3 1449 1828 90 90
3 1211 1779 84 84
3 489 1656 82 82
3 1414 1615 90 90
3 1084 1540 70 70
3 768 1525 84 84
3 442 1427 80 80
3 1619 1446 74 74
3 1322 1391 82 82
3 948 1351 64 64
3 1934 1556 70 70
3 2216 1601 76 76
3 2545 1629 78 78
3 2070 1406 66 66
3 1825 1348 68 68
3 1444 1283 66 66
3 706 1326 74 74
3 1180 1220 60 60
3 900 1199 70 70
3 1084 1076 72 72
3 1411 1122 68 68
3 1647 1155 58 58
3 1964 1237 78 78
3 2242 1269 62 62
3 2152 1129 58 58
3 1856 1096 60 60
3 1599 1021 58 58
3 1315 992 60 60
