0 471 163 118 131
0 466 237 118 138
2 1563 811 126 136
2 1320 945 147 120
1 1775 978 107 107
0 2029 731 44 150
0 1932 891 143 100
2 2236 986 119 78
0 3210 288 170 97
0 3355 340 138 149
0 3163 412 44 161
0 3055 499 141 130
0 3056 581 95 163
0 3104 579 97 161
0 3208 507 149 133
0 3290 524 117 154
0 3303 582 131 149
0 3343 668 96 159
0 3049 723 169 75
0 2934 753 66 158
1 3254 747 107 109
0 3249 913 130 149
0 3233 2264 133 139
0 3378 2227 167 55
1 3305 2291 98 104
0 3007 2607 135 138
0 2979 2712 150 83
0 3043 2638 138 141
1 3091 2674 116 116
1 3291 2581 118 110
1 3379 2568 115 117
1 3312 822 118 110
1 2657 1308 84 98
1 2470 1410 104 79
1 2228 1277 93 94
2 1959 1408 137 114
1 1762 1253 106 97
0 1626 1323 142 109
1 1524 1358 91 105
0 1533 1497 33 148
0 1404 1290 149 85
0 1192 1293 144 95
0 970 1281 137 108
0 1079 1461 50 146
2 1067 1593 144 97
1 1265 1734 110 95
0 1594 1690 142 99
0 1272 1865 47 150
1 1274 2027 68 94
0 1147 2076 143 105
0 1712 1931 41 150
0 1781 2094 138 115
0 1471 2272 52 152
2 1450 2391 146 101
2 1909 2217 111 144
0 1899 2378 33 153
2 2153 2075 125 146
2 2376 2206 127 147
3 1371 663 138 138>
3 1793 663 138 142>
3 2276 726 142 146>
3 1173 1034 142 142>
3 1526 1122 142 142>
3 1976 1093 146 160>
4 2488 1138 90 102>
3 891 1507 138 150>
3 1387 1503 138 138>
3 1725 1479 138 142>
3 2241 1526 150 150>
3 2661 1595 154 146>
3 1097 1815 146 150>
3 1458 1874 146 138>
3 1982 1860 142 146>
3 2470 1919 142 146>
3 1295 2250 146 146>
3 1711 2286 138 146>
3 2221 2325 154 154>
