3 1793 1923 144 144
3 1433 1868 132 132
3 1701 686 138 138
3 2129 676 148 148
3 2641 730 138 138
3 1506 1061 146 146
3 1854 1148 138 138
3 2320 1115 142 142
3 1218 1550 132 132
3 1717 1543 142 142
3 2075 1516 148 148
3 2611 1563 138 138
3 2343 1911 142 142
3 1640 2313 146 146
3 2059 2353 156 156
3 2608 2397 148 148
3 2865 1968 146 146
3 3066 1624 156 156
4 2869 1148 124 124
0 2281 905 148 108
1 2121 998 105 108
2 1903 836 126 140
2 1658 977 148 123
0 2378 738 43 160
2 2606 998 126 82
1 2598 1302 101 108
1 2105 1283 98 96
2 2316 1437 138 118
0 1821 2340 47 150
2 1799 2465 148 115
0 2274 2457 35 168
0 2214 1752 141 105
2 2281 2285 118 153
0 1490 2137 138 113
1 1619 2082 65 93
0 2065 1981 38 156
0 2141 2154 145 120
2 2534 2138 133 158
2 2776 2280 131 153
0 1613 1913 42 146
0 1938 1733 146 103
0 1877 1530 35 153
0 1968 1355 141 125
1 1864 1391 83 100
0 1742 1325 151 81
0 1530 1329 143 103
0 1303 1322 130 108
0 1416 1504 50 146
2 1406 1644 146 101
1 1608 1782 113 105
0 2443 1767 140 111
0 2759 1784 146 118
0 2917 1787 161 101
1 2863 1432 108 88
1 3059 1327 93 108
0 786 202 120 143
0 780 276 108 136
0 3694 2337 143 151
0 3852 2296 179 58
0 3461 2701 148 145
0 3497 2738 141 148
0 3863 2659 128 133
0 3341 738 71 160
0 3458 706 178 83
0 3684 900 143 148
0 3464 559 95 168
0 3463 472 153 136
0 3522 555 95 156
0 3626 247 173 108
0 3578 374 43 166
0 3631 475 149 143
0 3786 299 150 156
0 3748 803 131 115
0 3687 730 128 125
0 3714 490 118 163
0 3776 641 86 163
0 3732 556 134 163
0 3427 2815 170 93
0 3603 2803 123 154
0 3651 2638 163 155
