0 60 292 47 35
0 89 251 25 40
0 142 274 51 14
1 181 266 34 34
0 218 247 39 33
0 277 220 49 15
1 292 318 33 29
0 325 293 44 40
0 397 270 53 13
1 447 268 33 37
0 539 216 52 21
1 600 211 31 29
0 626 189 20 38
0 342 247 26 39
1 326 217 32 31
0 365 195 42 34
0 478 194 29 35
0 408 178 51 16
1 470 168 33 25
0 38 224 47 13
0 99 211 45 32
1 140 179 30 33
0 331 137 46 14
1 284 137 32 24
4 438 114 29 56
3 254 373 58 42>
3 403 319 58 34>
3 269 273 50 36>
3 409 224 48 32>
3 160 229 50 32>
3 535 276 54 32>
3 555 186 54 32>
3 13 290 50 32>
