0 293 334 156 137
0 428 447 158 115
0 119 650 151 139
0 174 893 110 154
0 82 956 164 44
0 93 1060 100 154
1 70 1171 108 109
1 3792 353 126 92
0 3924 302 152 121
0 3926 262 147 119
0 3980 81 70 154
1 3947 438 145 122
0 3935 640 108 173
0 2357 537 120 163
0 1477 830 128 154
1 1545 961 112 84
0 1722 943 173 59
1 1867 923 115 120
2 2007 683 120 161
0 2161 681 163 51
0 2365 788 127 154
0 2389 1027 77 173
1 2322 1171 119 112
0 2373 1281 143 152
0 2161 1196 168 51
0 1948 1282 106 161
1 2467 1434 120 120
1 2798 1425 134 122
0 2919 1597 138 161
0 3118 1696 185 47
2 2834 1969 106 142
1 2490 1980 120 110
1 2498 2497 125 107
1 2357 2286 104 120
0 3193 2787 191 90
0 3413 2913 202 90
0 3510 2894 161 129
0 3232 2890 88 135
2 1151 1195 113 149
0 1284 1209 169 42
0 1686 1440 169 49
0 1510 1535 122 157
2 1381 1696 166 124
0 1198 1700 178 50
0 1952 1838 121 157
2 1563 1964 165 145
2 1423 2236 173 147
0 1959 2185 137 159
0 1971 2358 98 178
2 2307 1677 143 153
0 1949 1589 127 151
3 1296 1013 160 160>
3 1765 747 160 160>
3 2141 1029 168 156>
3 1732 1149 166 154>
3 2597 1139 172 152>
3 2659 735 172 160>
3 2096 476 160 162>
3 3120 921 174 168>
3 3171 1411 178 166>
3 2204 1410 166 162>
3 1287 1467 168 160>
3 1787 1741 164 164>
3 2680 1663 178 166>
3 3154 1994 172 174>
4 2685 2283 140 132>
3 2192 2012 172 172>
3 2163 2522 184 186>
3 1766 2325 166 168>
3 1285 2062 168 168>
2 2782 895 150 165
2 2969 1162 165 139
