2 1758 763 127 125
0 1874 862 101 119
0 2211 743 69 145
2 2181 863 125 131
0 2261 981 120 123
1 2684 808 69 101
1 2607 995 99 103
2 2342 1096 111 137
0 1512 1075 111 111
0 1722 1172 131 39
2 1832 1162 123 122
0 1549 1308 87 133
2 1505 1415 135 124
1 1295 1439 101 90
0 1929 1502 66 133
0 1776 1603 136 45
0 1608 1754 80 130
0 1454 1850 135 57
0 2080 1326 136 42
2 2047 1787 89 121
2 1962 1988 133 120
0 1832 2018 129 36
1 1710 2064 84 103
0 1675 2187 89 133
2 2110 2256 80 140
0 2044 2405 89 128
0 2439 2313 115 142
0 2403 2110 68 156
1 2458 1972 63 94
1 2738 1932 73 94
0 2829 2075 133 135
2 2815 1711 108 123
1 2287 1748 81 90
0 2353 1614 72 144
1 2399 1515 92 82
0 2541 1496 154 52
0 2705 1361 86 147
0 2908 1192 154 52
0 2682 1134 133 136
0 3706 2409 136 142
1 3886 2321 89 101
0 709 1589 38 128
1 549 1817 108 62
4 849 2062 141 90
3 1990 736 128 128
3 2116 1102 130 130
3 1689 984 130 130
3 1334 1293 128 128
3 1756 1445 128 128
3 2177 1551 130 130
3 1403 1705 130 130
3 1795 1846 122 122
3 2252 2006 134 134
3 1789 2209 126 126
3 2256 2473 138 138
3 2668 2217 138 138
3 3004 1945 142 142
3 2566 1688 128 128
3 2922 1524 136 136
3 2412 1310 142 142
3 2809 975 140 140
3 2420 889 140 140
