0 1654 111 158 47
0 1694 681 65 160
0 2159 585 62 174
1 2202 733 114 102
2 1720 866 145 146
0 2120 862 146 118
0 1448 1034 149 74
2 2014 991 140 71
0 2519 927 79 168
0 2607 715 140 154
0 1597 1178 87 148
1 1630 1336 109 99
0 1309 1469 153 58
1 1453 1531 113 97
1 1899 1414 96 105
0 1933 1572 82 155
1 1946 1686 104 81
0 1850 1775 126 123
2 1518 1754 140 121
0 2349 1655 139 117
2 2689 1655 144 103
2 2070 1228 155 126
1 3079 988 116 81
2 2855 1189 152 101
0 2454 1199 144 136
0 2899 1317 73 168
0 2369 1401 79 152
0 3103 1522 175 71
0 2805 1565 154 121
0 2864 1962 170 84
2 3038 1993 116 153
2 2540 2140 135 118
0 2404 2068 172 78
2 2245 2019 94 140
1 2095 2238 76 109
1 2139 2432 99 115
0 1954 2155 157 85
0 1809 1977 81 158
0 1745 2217 131 125
0 3711 301 137 174
0 3971 2683 89 180
0 716 2421 113 127
0 652 2398 109 129
0 455 2104 90 137
0 377 2130 45 136
0 611 1676 40 138
0 555 1664 62 144
3 1493 777 154 152>
3 2035 655 156 156>
3 2767 820 176 184>
3 2274 992 152 160>
3 1339 1252 140 152>
3 1776 1169 152 146>
3 2577 1331 172 164>
3 3157 1175 176 164>
3 2975 1728 174 162>
3 2108 1514 152 150>
3 2460 1880 154 152>
3 2834 2154 164 144>
3 2321 2239 154 152>
3 1952 2353 142 142>
3 2064 1866 146 150>
3 1553 1953 138 140>
3 1722 1631 154 152>
0 2600 2261 79 151
