2 1872 520 162 136
0 1975 658 89 160
0 2398 592 104 171
2 2339 729 127 172
0 1510 833 117 152
0 1735 993 160 54
2 1865 1002 138 158
0 1502 1112 118 154
2 1434 1229 143 150
1 1179 1212 107 111
0 1486 1644 118 151
0 1292 1721 164 38
0 1713 1504 165 46
1 1556 2018 101 117
0 1482 2150 123 146
0 1698 1993 155 67
2 1856 1986 150 147
2 1988 1775 87 142
1 2278 1783 99 106
2 1975 2323 111 176
0 1864 2474 124 143
0 2336 2214 106 166
0 2336 2445 120 175
0 2832 2259 131 167
1 2430 2065 89 116
1 2757 2081 70 114
2 2894 1843 114 149
0 2379 1635 111 159
1 2455 1535 122 109
0 2622 1540 176 37
0 1914 1416 102 156
0 2123 1246 164 46
0 2840 1418 131 164
0 3114 1266 178 45
0 2872 1148 138 187
0 2407 882 123 158
1 2805 972 132 126
1 2936 778 111 124
2 2485 1028 140 157
2 356 1404 144 120
0 491 1668 64 153
4 541 1842 179 94
0 462 1259 68 154
3 2138 525 170 170
3 2613 806 160 160
3 1734 762 154 154
3 2216 993 156 156
3 1260 1039 150 150
3 1721 1322 154 154
3 1260 1545 146 146
3 1693 1783 154 154
3 2199 1529 156 156
3 2184 2065 158 158
3 1615 2205 160 160
3 2093 2582 164 164
3 2611 2385 162 162
3 3058 2150 162 162
3 2619 1762 160 160
3 3050 1648 182 182
3 2517 1301 170 170
3 3048 984 170 170
