0 0.16344246031746032 0.15211640211640212 0.03149801587301587 0.03968253968253968
0 0.18824404761904762 0.1884920634920635 0.031001984126984128 0.03571428571428571
0 0.1277281746031746 0.23776455026455026 0.029265873015873016 0.037037037037037035
0 0.10243055555555555 0.2566137566137566 0.031746031746031744 0.028439153439153438
0 0.07539682539682539 0.29927248677248675 0.028025793650793652 0.035383597883597885
0 0.13566468253968253 0.3072089947089947 0.019345238095238096 0.04365079365079365
0 0.11904761904761904 0.3505291005291005 0.018849206349206348 0.045304232804232805
0 0.0992063492063492 0.36044973544973546 0.03149801587301587 0.012896825396825396
1 0.11383928571428571 0.38227513227513227 0.019345238095238096 0.027447089947089946
0 0.8702876984126984 0.07804232804232804 0.03869047619047619 0.0419973544973545
0 0.8916170634920635 0.0796957671957672 0.04117063492063492 0.042328042328042326
0 0.9737103174603174 0.17261904761904762 0.027777777777777776 0.06018518518518518
1 0.9456845238095238 0.29133597883597884 0.032242063492063495 0.03968253968253968
1 0.9119543650793651 0.2612433862433862 0.027281746031746032 0.027777777777777776
2 0.9109623015873016 0.23511904761904762 0.03670634920634921 0.03009259259259259
0 0.9466765873015873 0.24702380952380953 0.041914682539682536 0.03439153439153439
0 0.9484126984126984 0.2328042328042328 0.03993055555555555 0.03406084656084656
1 0.9161706349206349 0.2123015873015873 0.029017857142857144 0.02414021164021164
0 0.9327876984126984 0.3548280423280423 0.016865079365079364 0.05489417989417989
0 0.9541170634920635 0.35615079365079366 0.020337301587301588 0.05423280423280423
0 0.6743551587301587 0.935515873015873 0.03819444444444445 0.01521164021164021
0 0.3298611111111111 0.957010582010582 0.029513888888888888 0.042328042328042326
0 0.2584325396825397 0.8895502645502645 0.029265873015873016 0.04365079365079365
2 0.3087797619047619 0.4341931216931217 0.02703373015873016 0.03902116402116402
0 0.34598214285714285 0.43187830687830686 0.03546626984126984 0.01455026455026455
2 0.39880952380952384 0.36078042328042326 0.032242063492063495 0.023809523809523808
0 0.43154761904761907 0.36937830687830686 0.03546626984126984 0.011243386243386243
2 0.4645337301587302 0.37533068783068785 0.023313492063492064 0.042328042328042326
0 0.3841765873015873 0.32771164021164023 0.0220734126984127 0.04398148148148148
1 0.49206349206349204 0.294973544973545 0.018601190476190476 0.03207671957671958
1 0.47544642857142855 0.2371031746031746 0.02554563492063492 0.036044973544973546
0 0.5766369047619048 0.26951058201058203 0.027281746031746032 0.04728835978835979
0 0.5287698412698413 0.30787037037037035 0.036210317460317464 0.016534391534391533
0 0.5714285714285714 0.353505291005291 0.024057539682539684 0.049933862433862435
2 0.6500496031746031 0.40674603174603174 0.0339781746031746 0.031746031746031744
1 0.6768353174603174 0.47585978835978837 0.026785714285714284 0.032407407407407406
0 0.7192460317460317 0.4877645502645503 0.03943452380952381 0.013227513227513227
0 0.5667162698412699 0.42228835978835977 0.028521825396825396 0.045304232804232805
1 0.5461309523809523 0.4593253968253968 0.025793650793650792 0.028439153439153438
0 0.5545634920634921 0.49206349206349204 0.024305555555555556 0.04563492063492063
1 0.5674603174603174 0.5396825396825397 0.023065476190476192 0.03373015873015873
1 0.636656746031746 0.5512566137566137 0.02554563492063492 0.03273809523809524
0 0.6525297619047619 0.6001984126984127 0.0248015873015873 0.04794973544973545
0 0.6959325396825397 0.6408730158730159 0.03819444444444445 0.018518518518518517
0 0.642609126984127 0.7612433862433863 0.017857142857142856 0.05026455026455026
2 0.6272321428571429 0.7053571428571429 0.03050595238095238 0.04728835978835979
0 0.5374503968253969 0.7976190476190477 0.018601190476190476 0.049933862433862435
1 0.5213293650793651 0.7569444444444444 0.024553571428571428 0.030753968253968252
0 0.5357142857142857 0.7156084656084656 0.029017857142857144 0.03869047619047619
2 0.5518353174603174 0.6755952380952381 0.03249007936507937 0.02414021164021164
2 0.5319940476190477 0.6068121693121693 0.0339781746031746 0.03802910052910053
0 0.46205357142857145 0.5667989417989417 0.022817460317460316 0.04563492063492063
0 0.45188492063492064 0.6296296296296297 0.02703373015873016 0.04298941798941799
0 0.44915674603174605 0.708994708994709 0.021577380952380952 0.04728835978835979
0 0.4384920634920635 0.7691798941798942 0.025793650793650792 0.045304232804232805
1 0.33804563492063494 0.7063492063492064 0.025793650793650792 0.018849206349206348
2 0.3715277777777778 0.6468253968253969 0.03521825396825397 0.01917989417989418
0 0.3618551587301587 0.6127645502645502 0.020833333333333332 0.045304232804232805
0 0.3705357142857143 0.5380291005291006 0.028521825396825396 0.03935185185185185
2 0.38740079365079366 0.5095899470899471 0.031746031746031744 0.01951058201058201
0 0.45783730158730157 0.4894179894179894 0.026537698412698412 0.03835978835978836
0 0.3179563492063492 0.5658068783068783 0.03447420634920635 0.010582010582010581
3 0.5238095238095238 0.24206349206349206 0.03521825396825397 0.04563492063492063
3 0.4439484126984127 0.31283068783068785 0.034722222222222224 0.046957671957671955
3 0.6364087301587301 0.33994708994708994 0.03819444444444445 0.047619047619047616
3 0.7259424603174603 0.4169973544973545 0.03819444444444445 0.05092592592592592
3 0.6041666666666666 0.45866402116402116 0.036210317460317464 0.047619047619047616
3 0.5138888888888888 0.40906084656084657 0.034722222222222224 0.046957671957671955
3 0.4283234126984127 0.42923280423280424 0.03422619047619048 0.046296296296296294
3 0.34499007936507936 0.37665343915343913 0.03273809523809524 0.04431216931216931
3 0.3343253968253968 0.5033068783068783 0.032242063492063495 0.04563492063492063
3 0.5171130952380952 0.5188492063492064 0.033234126984126984 0.046957671957671955
3 0.71875 0.5611772486772487 0.03968253968253968 0.05026455026455026
3 0.607390873015873 0.611441798941799 0.03571428571428571 0.04828042328042328
3 0.6937003968253969 0.7255291005291006 0.03968253968253968 0.05026455026455026
3 0.5629960317460317 0.7748015873015873 0.034722222222222224 0.0496031746031746
3 0.4992559523809524 0.6832010582010583 0.034722222222222224 0.046957671957671955
3 0.40401785714285715 0.7447089947089947 0.031746031746031744 0.04431216931216931
3 0.42336309523809523 0.5952380952380952 0.033234126984126984 0.04431216931216931
3 0.3209325396825397 0.6603835978835979 0.03273809523809524 0.046957671957671955
