3 0.4075 0.5963149078726968 0.0725 0.06365159128978225
3 0.27625 0.474036850921273 0.0675 0.05360134003350084
3 0.64625 0.5108877721943048 0.07 0.06030150753768844
3 0.1325 0.38023450586264657 0.07 0.05025125628140704
3 0.32 0.34673366834170855 0.0625 0.05025125628140704
3 0.48625 0.3936348408710218 0.06 0.05360134003350084
3 0.6375 0.34840871021775544 0.0625 0.05025125628140704
3 0.825 0.4355108877721943 0.07 0.05360134003350084
3 0.5 0.2747068676716918 0.055 0.04690117252931323
3 0.21 0.2562814070351759 0.06 0.03685092127303183
3 0.82375 0.2847571189279732 0.06 0.04690117252931323
1 0.5725 0.5778894472361809 0.05 0.05862646566164154
0 0.5525 0.525963149078727 0.045 0.06867671691792294
0 0.4525 0.47738693467336685 0.06875 0.02680067001675042
0 0.54875 0.4539363484087102 0.04375 0.06532663316582915
0 0.39375 0.4288107202680067 0.04 0.06197654941373534
0 0.18 0.5209380234505863 0.03125 0.07035175879396985
1 0.1725 0.45896147403685095 0.04375 0.06030150753768844
0 0.2125 0.4221105527638191 0.0475 0.06700167504187604
0 0.245 0.3601340033500838 0.01875 0.06197654941373534
1 0.2375 0.2964824120603015 0.03 0.05360134003350084
0 0.285 0.2730318257956449 0.0525 0.04690117252931323
0 0.35125 0.24790619765494137 0.055 0.023450586264656615
0 0.43625 0.22948073701842547 0.035 0.048576214405360134
2 0.75875 0.3132328308207705 0.06 0.06700167504187604
0 0.57375 0.36180904522613067 0.03125 0.06030150753768844
1 0.53875 0.31825795644891125 0.03875 0.05527638190954774
0 0.7275 0.288107202680067 0.05375 0.04355108877721943
2 0.56375 0.19095477386934673 0.045 0.06030150753768844
0 0.28875 0.22278056951423786 0.02875 0.04355108877721943
0 0.71625 0.23953098827470687 0.04125 0.05025125628140704
