0 0.6515376984126984 0.2622354497354497 0.028769841269841268 0.04828042328042328
2 0.6324404761904762 0.29927248677248675 0.025049603174603176 0.04927248677248677
0 0.5562996031746031 0.25992063492063494 0.01488095238095238 0.04828042328042328
2 0.5376984126984127 0.21296296296296297 0.03447420634920635 0.036044973544973546
0 0.4469246031746032 0.2880291005291005 0.01984126984126984 0.04828042328042328
0 0.4878472222222222 0.3445767195767196 0.03273809523809524 0.022817460317460316
0 0.5163690476190477 0.3551587301587302 0.025793650793650792 0.04728835978835979
0 0.4350198412698413 0.3673941798941799 0.030753968253968252 0.040674603174603176
1 0.36086309523809523 0.37962962962962965 0.01984126984126984 0.03273809523809524
2 0.41418650793650796 0.3974867724867725 0.027281746031746032 0.04662698412698413
0 0.36259920634920634 0.533068783068783 0.03546626984126984 0.016534391534391533
0 0.408234126984127 0.5208333333333334 0.029265873015873016 0.04034391534391534
0 0.4618055555555556 0.4933862433862434 0.036210317460317464 0.01951058201058201
0 0.5089285714285714 0.47883597883597884 0.02703373015873016 0.04332010582010582
0 0.5620039682539683 0.439484126984127 0.03720238095238095 0.02017195767195767
2 0.5104166666666666 0.5869708994708994 0.022569444444444444 0.040674603174603176
1 0.40773809523809523 0.6329365079365079 0.018849206349206348 0.0291005291005291
0 0.43874007936507936 0.6342592592592593 0.03373015873015873 0.026455026455026454
2 0.4729662698412698 0.6402116402116402 0.03125 0.04365079365079365
0 0.3864087301587302 0.666005291005291 0.03050595238095238 0.03802910052910053
2 0.48387896825396826 0.7457010582010583 0.03050595238095238 0.04728835978835979
0 0.4538690476190476 0.7837301587301587 0.030753968253968252 0.03835978835978836
0 0.5674603174603174 0.7357804232804233 0.028521825396825396 0.045965608465608467
0 0.5575396825396826 0.8045634920634921 0.020337301587301588 0.052248677248677246
0 0.6770833333333334 0.7797619047619048 0.023313492063492064 0.05357142857142857
1 0.6664186507936508 0.7215608465608465 0.01984126984126984 0.03439153439153439
1 0.5947420634920635 0.6987433862433863 0.0220734126984127 0.03439153439153439
0 0.6398809523809523 0.3462301587301587 0.020337301587301588 0.04927248677248677
2 0.7073412698412699 0.66005291005291 0.019097222222222224 0.04398148148148148
1 0.5736607142857143 0.6044973544973545 0.025793650793650792 0.0333994708994709
0 0.6026785714285714 0.5687830687830688 0.02976190476190476 0.04332010582010582
1 0.6232638888888888 0.5426587301587301 0.02703373015873016 0.03273809523809524
0 0.6594742063492064 0.5545634920634921 0.03943452380952381 0.021164021164021163
0 0.7145337301587301 0.531084656084656 0.033482142857142856 0.046957671957671955
0 0.7829861111111112 0.5023148148148148 0.04117063492063492 0.021164021164021163
0 0.7318948412698413 0.4513888888888889 0.021825396825396824 0.05125661375661376
2 0.6507936507936508 0.3968253968253968 0.034722222222222224 0.04332010582010582
1 0.7256944444444444 0.3968253968253968 0.028521825396825396 0.03439153439153439
1 0.7638888888888888 0.3455687830687831 0.02628968253968254 0.03802910052910053
1 0.9260912698412699 0.9401455026455027 0.029513888888888888 0.040674603174603176
0 0.20858134920634921 0.3548280423280423 0.01984126984126984 0.045304232804232805
2 0.18154761904761904 0.3921957671957672 0.03249007936507937 0.03869047619047619
0 0.19692460317460317 0.47354497354497355 0.019097222222222224 0.044642857142857144
0 0.2829861111111111 0.8558201058201058 0.03249007936507937 0.03670634920634921
1 0.2777777777777778 0.8892195767195767 0.02554563492063492 0.03736772486772487
