0 0.15749007936507936 0.03042328042328042 0.030009920634920636 0.04497354497354497
0 0.15674603174603174 0.05654761904761905 0.030753968253968252 0.04794973544973545
0 0.4427083333333333 0.19675925925925927 0.012152777777777778 0.054563492063492064
1 0.435515873015873 0.25562169312169314 0.026785714285714284 0.03835978835978836
2 0.3821924603174603 0.29662698412698413 0.02976190476190476 0.046296296296296294
1 0.498015873015873 0.30522486772486773 0.027777777777777776 0.03968253968253968
0 0.535218253968254 0.27976190476190477 0.03968253968253968 0.04332010582010582
2 0.623015873015873 0.3002645502645503 0.03521825396825397 0.05291005291005291
0 0.5647321428571429 0.21395502645502645 0.01240079365079365 0.0582010582010582
0 0.6703869047619048 0.27414021164021163 0.041914682539682536 0.0333994708994709
0 0.7177579365079365 0.43253968253968256 0.046130952380952384 0.03373015873015873
1 0.6815476190476191 0.458994708994709 0.023065476190476192 0.03406084656084656
0 0.6450892857142857 0.44113756613756616 0.03422619047619048 0.04298941798941799
2 0.6063988095238095 0.4150132275132275 0.021577380952380952 0.04563492063492063
2 0.5491071428571429 0.45171957671957674 0.029265873015873016 0.04828042328042328
1 0.4928075396825397 0.4050925925925926 0.028769841269841268 0.03439153439153439
0 0.4558531746031746 0.42757936507936506 0.03819444444444445 0.036044973544973546
1 0.4288194444444444 0.44312169312169314 0.0248015873015873 0.036375661375661374
0 0.3998015873015873 0.4156746031746032 0.03571428571428571 0.035383597883597885
0 0.34697420634920634 0.416005291005291 0.037698412698412696 0.03571428571428571
0 0.283234126984127 0.4123677248677249 0.03546626984126984 0.036375661375661374
0 0.31274801587301587 0.47883597883597884 0.013888888888888888 0.05257936507936508
1 0.30257936507936506 0.5320767195767195 0.029513888888888888 0.027116402116402115
1 0.2591765873015873 0.5601851851851852 0.03050595238095238 0.03571428571428571
2 0.36532738095238093 0.5687830687830688 0.037698412698412696 0.035383597883597885
0 0.3618551587301587 0.623015873015873 0.011408730158730158 0.0539021164021164
0 0.46056547619047616 0.5763888888888888 0.03422619047619048 0.041005291005291
0 0.328125 0.6990740740740741 0.031746031746031744 0.03207671957671958
2 0.35367063492063494 0.671957671957672 0.02554563492063492 0.0419973544973545
2 0.47842261904761907 0.6865079365079365 0.02132936507936508 0.04728835978835979
0 0.41716269841269843 0.7589285714285714 0.012152777777777778 0.0582010582010582
2 0.41865079365079366 0.8181216931216931 0.03521825396825397 0.037698412698412696
0 0.5347222222222222 0.8042328042328042 0.010912698412698412 0.05555555555555555
0 0.5064484126984127 0.7156084656084656 0.036210317460317464 0.04497354497354497
0 0.5716765873015873 0.7288359788359788 0.04117063492063492 0.035383597883597885
2 0.5999503968253969 0.7076719576719577 0.021825396825396824 0.05324074074074074
1 0.6597222222222222 0.765542328042328 0.01984126984126984 0.03902116402116402
0 0.8529265873015873 0.9136904761904762 0.038938492063492064 0.05092592592592592
0 0.9092261904761905 0.7787698412698413 0.04017857142857143 0.052248677248677246
1 0.9317956349206349 0.7906746031746031 0.028521825396825396 0.04034391534391534
0 0.9518849206349206 0.767526455026455 0.04836309523809524 0.0248015873015873
0 0.8211805555555556 0.2113095238095238 0.019097222222222224 0.059854497354497355
0 0.9119543650793651 0.2691798941798942 0.03943452380952381 0.05357142857142857
1 0.9285714285714286 0.23313492063492064 0.036458333333333336 0.042328042328042326
1 0.9129464285714286 0.20767195767195767 0.03373015873015873 0.04265873015873016
0 0.9382440476190477 0.1746031746031746 0.027281746031746032 0.06283068783068783
0 0.9263392857142857 0.14351851851851852 0.04017857142857143 0.05787037037037037
0 0.9216269841269841 0.12367724867724868 0.036210317460317464 0.061507936507936505
0 0.8978174603174603 0.1164021164021164 0.04241071428571429 0.049933862433862435
0 0.8648313492063492 0.1388888888888889 0.040426587301587304 0.054563492063492064
0 0.8504464285714286 0.14153439153439154 0.03869047619047619 0.054563492063492064
0 0.8534226190476191 0.11408730158730158 0.041914682539682536 0.05092592592592592
0 0.8854166666666666 0.08002645502645503 0.014384920634920634 0.0625
0 0.9409722222222222 0.051587301587301584 0.03943452380952381 0.057539682539682536
0 0.8983134920634921 0.034722222222222224 0.05009920634920635 0.040674603174603176
3 0.3896329365079365 0.1960978835978836 0.03720238095238095 0.0496031746031746
3 0.5014880952380952 0.1908068783068783 0.04017857142857143 0.051587301587301584
3 0.6354166666666666 0.2080026455026455 0.04117063492063492 0.05291005291005291
3 0.33581349206349204 0.3247354497354497 0.036210317460317464 0.051587301587301584
3 0.42757936507936506 0.35978835978835977 0.036210317460317464 0.05291005291005291
3 0.5473710317460317 0.3429232804232804 0.041666666666666664 0.05555555555555555
3 0.6946924603174603 0.39715608465608465 0.04265873015873016 0.05555555555555555
3 0.6195436507936508 0.5023148148148148 0.043154761904761904 0.05357142857142857
3 0.4806547619047619 0.48544973544973546 0.03968253968253968 0.05357142857142857
3 0.39186507936507936 0.49636243386243384 0.036210317460317464 0.05291005291005291
3 0.26438492063492064 0.49107142857142855 0.036210317460317464 0.05291005291005291
3 0.31746031746031744 0.605489417989418 0.037698412698412696 0.05026455026455026
3 0.41195436507936506 0.6256613756613757 0.03720238095238095 0.05291005291005291
3 0.5510912698412699 0.6266534391534392 0.04017857142857143 0.05489417989417989
3 0.6875 0.6531084656084656 0.041666666666666664 0.05555555555555555
3 0.6202876984126984 0.7992724867724867 0.04017857142857143 0.056878306878306875
3 0.47842261904761907 0.7784391534391535 0.03968253968253968 0.05489417989417989
3 0.37103174603174605 0.7622354497354498 0.037698412698412696 0.0496031746031746
4 0.9171626984126984 0.7096560846560847 0.0441468253968254 0.047619047619047616
