2 0.2950174825174825 0.5677570093457944 0.034527972027972025 0.06366822429906542
0 0.32823426573426573 0.532126168224299 0.03365384615384615 0.04789719626168224
0 0.38417832167832167 0.5110981308411215 0.04414335664335664 0.016939252336448597
0 0.4370629370629371 0.5379672897196262 0.03409090909090909 0.04264018691588785
0 0.5222902097902098 0.5718457943925234 0.04632867132867133 0.02570093457943925
2 0.6695804195804196 0.6378504672897196 0.03802447552447553 0.06542056074766354
0 0.6979895104895105 0.5969626168224299 0.023164335664335664 0.052570093457943924
0 0.7399475524475524 0.5642523364485982 0.045454545454545456 0.02219626168224299
1 0.7888986013986014 0.5578271028037384 0.033216783216783216 0.04088785046728972
0 0.5708041958041958 0.532126168224299 0.017045454545454544 0.04906542056074766
1 0.5847902097902098 0.49240654205607476 0.026223776223776224 0.028037383177570093
3 0.3706293706293706 0.5718457943925234 0.04807692307692308 0.0455607476635514
3 0.5008741258741258 0.6489485981308412 0.050699300699300696 0.04906542056074766
3 0.6363636363636364 0.5660046728971962 0.049825174825174824 0.04906542056074766
3 0.513548951048951 0.509929906542056 0.0472027972027972 0.0455607476635514
3 0.7456293706293706 0.4941588785046729 0.045454545454545456 0.04205607476635514
3 0.6280594405594405 0.45093457943925236 0.043706293706293704 0.037383177570093455
3 0.39335664335664333 0.4544392523364486 0.045454545454545456 0.0397196261682243
3 0.2534965034965035 0.5192757009345794 0.045454545454545456 0.04322429906542056
3 0.5030594405594405 0.3901869158878505 0.044580419580419584 0.037383177570093455
3 0.40166083916083917 0.3428738317757009 0.043706293706293704 0.035046728971962614
3 0.7211538461538461 0.38843457943925236 0.04108391608391608 0.036214953271028034
3 0.6197552447552448 0.3358644859813084 0.04108391608391608 0.03387850467289719
