4 0.21155753968253968 0.5595238095238095 0.019593253968253968 0.04662698412698413
2 0.17137896825396826 0.5297619047619048 0.025793650793650792 0.036375661375661374
0 0.15947420634920634 0.560515873015873 0.016865079365079364 0.0291005291005291
0 0.12648809523809523 0.5879629629629629 0.03050595238095238 0.01488095238095238
2 0.09449404761904762 0.583994708994709 0.015376984126984126 0.04034391534391534
2 0.16964285714285715 0.5968915343915344 0.020833333333333332 0.0248015873015873
1 0.18328373015873015 0.6140873015873016 0.019345238095238096 0.027116402116402115
0 0.27132936507936506 0.6527777777777778 0.014632936507936508 0.032407407407407406
0 0.30505952380952384 0.6296296296296297 0.029513888888888888 0.02017195767195767
1 0.2601686507936508 0.6865079365079365 0.01314484126984127 0.031084656084656083
1 0.35267857142857145 0.7003968253968254 0.021081349206349208 0.028439153439153438
0 0.37822420634920634 0.7275132275132276 0.026041666666666668 0.0333994708994709
0 0.4211309523809524 0.7447089947089947 0.030753968253968252 0.017857142857142856
0 0.4595734126984127 0.7483465608465608 0.028025793650793652 0.03373015873015873
2 0.48487103174603174 0.7691798941798942 0.02628968253968254 0.045304232804232805
0 0.6626984126984127 0.9632936507936508 0.011408730158730158 0.05026455026455026
1 0.6656746031746031 0.9153439153439153 0.024305555555555556 0.03141534391534392
0 0.6927083333333334 0.904431216931217 0.03521825396825397 0.017526455026455025
0 0.707093253968254 0.8670634920634921 0.011904761904761904 0.040674603174603176
1 0.7046130952380952 0.8224206349206349 0.025793650793650792 0.023478835978835978
0 0.6359126984126984 0.7883597883597884 0.027281746031746032 0.017526455026455025
0 0.6736111111111112 0.8055555555555556 0.03273809523809524 0.03306878306878307
2 0.6088789682539683 0.7916666666666666 0.02976190476190476 0.04332010582010582
0 0.5791170634920635 0.7738095238095238 0.030753968253968252 0.031746031746031744
0 0.5570436507936508 0.7308201058201058 0.009672619047619048 0.03571428571428571
0 0.5424107142857143 0.6878306878306878 0.029265873015873016 0.03042328042328042
0 0.6217757936507936 0.7033730158730159 0.03149801587301587 0.026455026455026454
1 0.6014384920634921 0.6891534391534392 0.0220734126984127 0.027777777777777776
0 0.5912698412698413 0.6570767195767195 0.01066468253968254 0.031084656084656083
2 0.519593253968254 0.6498015873015873 0.028521825396825396 0.03571428571428571
0 0.4724702380952381 0.6676587301587301 0.03050595238095238 0.017526455026455025
0 0.43625992063492064 0.667989417989418 0.025049603174603176 0.03009259259259259
2 0.4099702380952381 0.6349206349206349 0.024305555555555556 0.030753968253968252
0 0.5381944444444444 0.6068121693121693 0.029265873015873016 0.00992063492063492
1 0.558531746031746 0.6011904761904762 0.021081349206349208 0.022817460317460316
0 0.6128472222222222 0.6233465608465608 0.02976190476190476 0.013558201058201057
1 0.6321924603174603 0.6134259259259259 0.018353174603174604 0.025793650793650792
0 0.6329365079365079 0.593915343915344 0.007688492063492063 0.018518518518518517
0 0.6217757936507936 0.5677910052910053 0.027529761904761904 0.02546296296296296
2 0.5967261904761905 0.5426587301587301 0.027529761904761904 0.03009259259259259
0 0.5932539682539683 0.5257936507936508 0.005952380952380952 0.02414021164021164
0 0.5771329365079365 0.4957010582010582 0.025049603174603176 0.01951058201058201
0 0.5376984126984127 0.49173280423280424 0.025297619047619048 0.01521164021164021
1 0.5151289682539683 0.49107142857142855 0.017609126984126984 0.02414021164021164
0 0.41096230158730157 0.6048280423280423 0.011904761904761904 0.028769841269841268
0 0.39657738095238093 0.5783730158730159 0.023313492063492064 0.02447089947089947
0 0.3678075396825397 0.5648148148148148 0.027777777777777776 0.010582010582010581
2 0.33903769841269843 0.5737433862433863 0.025049603174603176 0.03439153439153439
0 0.3244047619047619 0.560515873015873 0.020089285714285716 0.023809523809523808
0 0.28125 0.5519179894179894 0.02703373015873016 0.01521164021164021
2 0.2562003968253968 0.5572089947089947 0.022569444444444444 0.03009259259259259
0 0.23387896825396826 0.5406746031746031 0.022321428571428572 0.023478835978835978
0 0.23015873015873015 0.5085978835978836 0.01488095238095238 0.026455026455026454
2 0.23363095238095238 0.47784391534391535 0.02058531746031746 0.028108465608465607
0 0.18030753968253968 0.46726190476190477 0.026785714285714284 0.016534391534391533
1 0.15401785714285715 0.4623015873015873 0.014136904761904762 0.02513227513227513
0 0.20932539682539683 0.4427910052910053 0.015128968253968254 0.025793650793650792
1 0.21428571428571427 0.4209656084656085 0.01636904761904762 0.0205026455026455
1 0.2916666666666667 0.44113756613756616 0.012152777777777778 0.022156084656084655
0 0.3100198412698413 0.4375 0.024553571428571428 0.010582010582010581
0 0.33804563492063494 0.4460978835978836 0.0220734126984127 0.02017195767195767
2 0.3541666666666667 0.4540343915343915 0.01984126984126984 0.03406084656084656
0 0.3576388888888889 0.482473544973545 0.009176587301587302 0.02414021164021164
0 0.44221230158730157 0.4976851851851852 0.005704365079365079 0.026124338624338623
1 0.44494047619047616 0.46825396825396826 0.018105158730158732 0.01984126984126984
0 0.42410714285714285 0.4573412698412698 0.021825396825396824 0.022817460317460316
0 0.40128968253968256 0.435515873015873 0.006200396825396825 0.022817460317460316
0 0.38293650793650796 0.4037698412698413 0.021825396825396824 0.018518518518518517
0 0.5535714285714286 0.4699074074074074 0.00818452380952381 0.023478835978835978
2 0.5528273809523809 0.44113756613756616 0.02554563492063492 0.02546296296296296
0 0.5317460317460317 0.43683862433862436 0.019593253968253968 0.016534391534391533
1 0.4573412698412698 0.4080687830687831 0.015873015873015872 0.017526455026455025
0 0.45709325396825395 0.392526455026455 0.005952380952380952 0.013888888888888888
1 0.38740079365079366 0.3872354497354497 0.01488095238095238 0.020833333333333332
0 0.38938492063492064 0.37566137566137564 0.005456349206349206 0.011904761904761904
4 0.5984623015873016 0.4636243386243386 0.017609126984126984 0.03935185185185185
0 0.5218253968253969 0.4123677248677249 0.007688492063492063 0.022156084656084655
0 0.5419146825396826 0.39285714285714285 0.023065476190476192 0.01025132275132275
1 0.5617559523809523 0.38756613756613756 0.011160714285714286 0.021164021164021163
0 0.4751984126984127 0.3802910052910053 0.02132936507936508 0.00992063492063492
0 0.44915674603174605 0.33101851851851855 0.021577380952380952 0.00958994708994709
0 0.47966269841269843 0.33994708994708994 0.018105158730158732 0.01984126984126984
2 0.49429563492063494 0.3687169312169312 0.013640873015873016 0.02976190476190476
0 0.5153769841269841 0.3458994708994709 0.018601190476190476 0.016865079365079364
0 0.40600198412698413 0.3584656084656085 0.021825396825396824 0.011904761904761904
2 0.421875 0.3548280423280423 0.014384920634920634 0.03042328042328042
0 0.5436507936507936 0.35284391534391535 0.021081349206349208 0.01917989417989418
0 0.42410714285714285 0.33664021164021163 0.00496031746031746 0.006944444444444444
0 0.41691468253968256 0.3253968253968254 0.017857142857142856 0.015542328042328041
1 0.39955357142857145 0.31084656084656087 0.01488095238095238 0.018518518518518517
2 0.34945436507936506 0.3369708994708995 0.01314484126984127 0.031084656084656083
0 0.32316468253968256 0.3458994708994709 0.019593253968253968 0.017526455026455025
0 0.3023313492063492 0.34755291005291006 0.019593253968253968 0.018518518518518517
2 0.2847222222222222 0.3287037037037037 0.018601190476190476 0.027777777777777776
0 0.29811507936507936 0.32076719576719576 0.00818452380952381 0.0205026455026455
0 0.30952380952380953 0.2986111111111111 0.020833333333333332 0.008597883597883597
1 0.3263888888888889 0.3002645502645503 0.012152777777777778 0.021494708994708994
3 0.6118551587301587 0.9629629629629629 0.03273809523809524 0.04365079365079365
3 0.6775793650793651 0.8531746031746031 0.02628968253968254 0.03505291005291005
3 0.544890873015873 0.8191137566137566 0.031746031746031744 0.042328042328042326
3 0.4365079365079365 0.7916666666666666 0.02976190476190476 0.03968253968253968
3 0.3492063492063492 0.7724867724867724 0.027281746031746032 0.036375661375661374
3 0.2400793650793651 0.7334656084656085 0.026785714285714284 0.03571428571428571
3 0.4885912698412698 0.7328042328042328 0.0248015873015873 0.03306878306878307
3 0.6024305555555556 0.7377645502645502 0.025297619047619048 0.03373015873015873
3 0.5503472222222222 0.6484788359788359 0.022321428571428572 0.02976190476190476
3 0.4662698412698413 0.6349206349206349 0.022321428571428572 0.02976190476190476
3 0.5106646825396826 0.5720899470899471 0.019345238095238096 0.025793650793650792
3 0.41021825396825395 0.6891534391534392 0.021825396825396824 0.0291005291005291
3 0.3142361111111111 0.6716269841269841 0.025793650793650792 0.03439153439153439
3 0.2251984126984127 0.6468253968253969 0.025297619047619048 0.03373015873015873
3 0.13268849206349206 0.6431878306878307 0.023809523809523808 0.031746031746031744
3 0.359375 0.6044973544973545 0.022321428571428572 0.02976190476190476
3 0.3003472222222222 0.5882936507936508 0.020833333333333332 0.027777777777777776
3 0.1212797619047619 0.5476190476190477 0.020337301587301588 0.027116402116402115
3 0.3506944444444444 0.5340608465608465 0.022321428571428572 0.02976190476190476
3 0.26884920634920634 0.5092592592592593 0.017361111111111112 0.023148148148148147
3 0.19047619047619047 0.5042989417989417 0.020833333333333332 0.027777777777777776
3 0.10962301587301587 0.4718915343915344 0.01984126984126984 0.026455026455026454
3 0.40153769841269843 0.4781746031746032 0.018353174603174604 0.02447089947089947
3 0.32787698412698413 0.4599867724867725 0.020337301587301588 0.027116402116402115
3 0.23511904761904762 0.44675925925925924 0.015873015873015872 0.021164021164021163
3 0.47966269841269843 0.5145502645502645 0.017361111111111112 0.023148148148148147
3 0.5496031746031746 0.529431216931217 0.018849206349206348 0.02513227513227513
3 0.6312003968253969 0.5386904761904762 0.019345238095238096 0.025793650793650792
3 0.5133928571428571 0.46494708994708994 0.01636904761904762 0.021825396825396824
3 0.45262896825396826 0.44576719576719576 0.016865079365079364 0.022486772486772486
3 0.35813492063492064 0.42427248677248675 0.01636904761904762 0.021825396825396824
3 0.17509920634920634 0.4384920634920635 0.018353174603174604 0.02447089947089947
3 0.2926587301587302 0.40343915343915343 0.01488095238095238 0.01984126984126984
3 0.22321428571428573 0.396494708994709 0.017361111111111112 0.023148148148148147
3 0.26884920634920634 0.3558201058201058 0.017857142857142856 0.023809523809523808
3 0.3499503968253968 0.37103174603174605 0.016865079365079364 0.022486772486772486
3 0.40848214285714285 0.3819444444444444 0.014384920634920634 0.01917989417989418
3 0.4871031746031746 0.40906084656084657 0.019345238095238096 0.025793650793650792
3 0.5560515873015873 0.41964285714285715 0.015376984126984126 0.0205026455026455
3 0.5337301587301587 0.37334656084656087 0.014384920634920634 0.01917989417989418
3 0.4603174603174603 0.36243386243386244 0.01488095238095238 0.01984126984126984
3 0.39657738095238093 0.3376322751322751 0.014384920634920634 0.01917989417989418
3 0.326140873015873 0.328042328042328 0.01488095238095238 0.01984126984126984
