0 0.4749503968253968 0.8217592592592593 0.031001984126984128 0.05357142857142857
0 0.5314980158730159 0.7820767195767195 0.04117063492063492 0.02447089947089947
0 0.48139880952380953 0.7235449735449735 0.026041666666666668 0.059854497354497355
1 0.5753968253968254 0.8005952380952381 0.02132936507936508 0.034722222222222224
1 0.5972222222222222 0.8723544973544973 0.028273809523809524 0.04265873015873016
2 0.6061507936507936 0.7023809523809523 0.025793650793650792 0.04828042328042328
0 0.6498015873015873 0.7126322751322751 0.0441468253968254 0.016203703703703703
2 0.6909722222222222 0.7218915343915344 0.03521825396825397 0.0248015873015873
0 0.7137896825396826 0.7662037037037037 0.030009920634920636 0.05886243386243386
0 0.761656746031746 0.6362433862433863 0.0441468253968254 0.018849206349206348
2 0.8095238095238095 0.6339285714285714 0.028521825396825396 0.04828042328042328
0 0.7911706349206349 0.47156084656084657 0.0441468253968254 0.010912698412698412
0 0.7222222222222222 0.5042989417989417 0.03050595238095238 0.04265873015873016
2 0.6996527777777778 0.5406746031746031 0.03819444444444445 0.027116402116402115
0 0.6130952380952381 0.5658068783068783 0.030009920634920636 0.046296296296296294
0 0.7306547619047619 0.41964285714285715 0.027777777777777776 0.050595238095238096
0 0.6066468253968254 0.4798280423280423 0.025793650793650792 0.04894179894179894
0 0.6160714285714286 0.4107142857142857 0.031001984126984128 0.046296296296296294
0 0.6185515873015873 0.3247354497354497 0.025297619047619048 0.04927248677248677
2 0.7130456349206349 0.3802910052910053 0.037698412698412696 0.02976190476190476
1 0.7552083333333334 0.31216931216931215 0.028521825396825396 0.026455026455026454
0 0.6304563492063492 0.2562830687830688 0.026785714285714284 0.051587301587301584
0 0.5193452380952381 0.24371693121693122 0.020337301587301588 0.05357142857142857
1 0.5354662698412699 0.2837301587301587 0.0248015873015873 0.03273809523809524
0 0.5208333333333334 0.32407407407407407 0.03249007936507937 0.04133597883597884
0 0.40922619047619047 0.2953042328042328 0.020337301587301588 0.049933862433862435
2 0.42237103174603174 0.34424603174603174 0.034722222222222224 0.051587301587301584
2 0.5004960317460317 0.36772486772486773 0.03149801587301587 0.03670634920634921
2 0.5243055555555556 0.43816137566137564 0.036210317460317464 0.0419973544973545
0 0.3568948412698413 0.4166666666666667 0.03968253968253968 0.017526455026455025
0 0.39880952380952384 0.45535714285714285 0.02554563492063492 0.05026455026455026
1 0.4131944444444444 0.5033068783068783 0.027281746031746032 0.035383597883597885
0 0.3288690476190476 0.5730820105820106 0.041666666666666664 0.013558201058201057
1 0.37028769841269843 0.5843253968253969 0.026785714285714284 0.036044973544973546
1 0.48487103174603174 0.5119047619047619 0.02628968253968254 0.034722222222222224
0 0.5 0.5654761904761905 0.026537698412698412 0.05092592592592592
1 0.5086805555555556 0.6021825396825397 0.027529761904761904 0.031746031746031744
0 0.4861111111111111 0.6431878306878307 0.031001984126984128 0.04894179894179894
2 0.3940972222222222 0.6583994708994709 0.03819444444444445 0.03306878306878307
0 0.11036706349206349 0.7017195767195767 0.014632936507936508 0.0496031746031746
0 0.12872023809523808 0.703042328042328 0.011656746031746032 0.05357142857142857
0 0.32589285714285715 0.09953703703703703 0.025049603174603176 0.0419973544973545
0 0.3834325396825397 0.13194444444444445 0.03819444444444445 0.02017195767195767
1 0.38913690476190477 0.04298941798941799 0.026537698412698412 0.03306878306878307
2 0.8311011904761905 0.051587301587301584 0.04265873015873016 0.04894179894179894
2 0.3013392857142857 0.03968253968253968 0.03521825396825397 0.04662698412698413
1 0.7599206349206349 0.020833333333333332 0.025049603174603176 0.031746031746031744
3 0.49181547619047616 0.2681878306878307 0.03571428571428571 0.047619047619047616
3 0.6726190476190477 0.27843915343915343 0.03819444444444445 0.05092592592592592
3 0.5629960317460317 0.3558201058201058 0.036210317460317464 0.04828042328042328
3 0.3603670634920635 0.3333333333333333 0.036210317460317464 0.04828042328042328
3 0.44419642857142855 0.44113756613756616 0.036210317460317464 0.04828042328042328
3 0.33110119047619047 0.49537037037037035 0.03670634920634921 0.04894179894179894
3 0.44568452380952384 0.6038359788359788 0.03869047619047619 0.051587301587301584
3 0.3187003968253968 0.6478174603174603 0.037698412698412696 0.05026455026455026
3 0.40922619047619047 0.734457671957672 0.040674603174603176 0.05423280423280423
3 0.5386904761904762 0.8607804232804233 0.041666666666666664 0.05555555555555555
3 0.5478670634920635 0.6613756613756614 0.03869047619047619 0.051587301587301584
3 0.6354166666666666 0.781415343915344 0.04365079365079365 0.0582010582010582
3 0.7668650793650794 0.7053571428571429 0.04117063492063492 0.05489417989417989
3 0.6530257936507936 0.6369047619047619 0.04117063492063492 0.05489417989417989
3 0.7740575396825397 0.546957671957672 0.040674603174603176 0.05423280423280423
3 0.6535218253968254 0.4437830687830688 0.037698412698412696 0.05026455026455026
3 0.7822420634920635 0.36243386243386244 0.039186507936507936 0.052248677248677246
