3 0.4565972222222222 0.6177248677248677 0.03670634920634921 0.04894179894179894
3 0.5910218253968254 0.621031746031746 0.037698412698412696 0.05026455026455026
3 0.5255456349206349 0.4904100529100529 0.03521825396825397 0.046957671957671955
3 0.4382440476190476 0.4937169312169312 0.03521825396825397 0.046957671957671955
3 0.44419642857142855 0.20601851851851852 0.03720238095238095 0.0496031746031746
3 0.5520833333333334 0.2037037037037037 0.037698412698412696 0.05026455026455026
3 0.6808035714285714 0.22817460317460317 0.03819444444444445 0.05092592592592592
3 0.5944940476190477 0.35648148148148145 0.04017857142857143 0.05357142857142857
3 0.4749503968253968 0.3630952380952381 0.033234126984126984 0.04431216931216931
3 0.39012896825396826 0.3333333333333333 0.03273809523809524 0.04365079365079365
3 0.3162202380952381 0.4904100529100529 0.031746031746031744 0.042328042328042326
3 0.36706349206349204 0.5945767195767195 0.03422619047619048 0.04563492063492063
3 0.7214781746031746 0.6521164021164021 0.03869047619047619 0.051587301587301584
3 0.6624503968253969 0.5125661375661376 0.03869047619047619 0.051587301587301584
3 0.777281746031746 0.5357142857142857 0.037698412698412696 0.05026455026455026
3 0.5181051587301587 0.7638888888888888 0.03422619047619048 0.04563492063492063
3 0.6532738095238095 0.7870370370370371 0.036210317460317464 0.04828042328042328
3 0.41517857142857145 0.746031746031746 0.03521825396825397 0.046957671957671955
4 0.7346230158730159 0.3740079365079365 0.030753968253968252 0.041005291005291
0 0.21651785714285715 0.02976190476190476 0.030009920634920636 0.04794973544973545
0 0.21453373015873015 0.05654761904761905 0.029017857142857144 0.045965608465608467
0 0.8516865079365079 0.933531746031746 0.041914682539682536 0.032407407407407406
0 0.8606150793650794 0.24107142857142858 0.01711309523809524 0.05423280423280423
0 0.8923611111111112 0.23148148148148148 0.04538690476190476 0.025793650793650792
0 0.8970734126984127 0.14947089947089948 0.04092261904761905 0.046296296296296294
0 0.9476686507936508 0.30092592592592593 0.03521825396825397 0.05026455026455026
0 0.8963293650793651 0.17956349206349206 0.028273809523809524 0.05654761904761905
0 0.9104662698412699 0.17956349206349206 0.028025793650793652 0.05919312169312169
1 0.9499007936507936 0.2414021164021164 0.02976190476190476 0.04034391534391534
0 0.9280753968253969 0.11904761904761904 0.011904761904761904 0.05919312169312169
0 0.9255952380952381 0.7817460317460317 0.036458333333333336 0.047619047619047616
1 0.9466765873015873 0.7913359788359788 0.02628968253968254 0.037698412698412696
0 0.966765873015873 0.771494708994709 0.044890873015873016 0.021825396825396824
2 0.42757936507936506 0.3019179894179894 0.037450396825396824 0.04298941798941799
0 0.3787202380952381 0.6828703703703703 0.03447420634920635 0.03406084656084656
2 0.4913194444444444 0.2566137566137566 0.03149801587301587 0.04728835978835979
1 0.5446428571428571 0.314484126984127 0.02628968253968254 0.03505291005291005
0 0.4585813492063492 0.7542989417989417 0.01240079365079365 0.050595238095238096
2 0.45188492063492064 0.7943121693121693 0.03447420634920635 0.037037037037037035
0 0.5687003968253969 0.7986111111111112 0.008432539682539682 0.0539021164021164
2 0.5721726190476191 0.7433862433862434 0.02628968253968254 0.04861111111111111
0 0.5384424603174603 0.7000661375661376 0.034722222222222224 0.042328042328042326
0 0.5213293650793651 0.642526455026455 0.009424603174603174 0.05125661375661376
1 0.4104662698412698 0.6683201058201058 0.016865079365079364 0.03273809523809524
2 0.6374007936507936 0.6994047619047619 0.03125 0.05026455026455026
2 0.6964285714285714 0.7496693121693122 0.034722222222222224 0.04794973544973545
0 0.6178075396825397 0.5773809523809523 0.033482142857142856 0.03935185185185185
0 0.6966765873015873 0.5869708994708994 0.03720238095238095 0.03736772486772487
0 0.736359126984127 0.5916005291005291 0.036458333333333336 0.034722222222222224
0 0.5610119047619048 0.5687830687830688 0.036458333333333336 0.032407407407407406
0 0.49107142857142855 0.5595238095238095 0.034970238095238096 0.03505291005291005
0 0.4774305555555556 0.49173280423280424 0.010416666666666666 0.049933862433862435
0 0.4104662698412698 0.6140873015873016 0.007936507936507936 0.0496031746031746
1 0.4099702380952381 0.5707671957671958 0.027777777777777776 0.032407407407407406
2 0.3611111111111111 0.519510582010582 0.034722222222222224 0.03273809523809524
0 0.36507936507936506 0.4771825396825397 0.012896825396825396 0.05092592592592592
0 0.39285714285714285 0.41898148148148145 0.03298611111111111 0.0333994708994709
0 0.33804563492063494 0.41534391534391535 0.031994047619047616 0.03670634920634921
0 0.44642857142857145 0.4203042328042328 0.036458333333333336 0.026785714285714284
0 0.5022321428571429 0.4332010582010582 0.03447420634920635 0.035383597883597885
1 0.47668650793650796 0.4437830687830688 0.022817460317460316 0.03406084656084656
1 0.5384424603174603 0.41104497354497355 0.026785714285714284 0.03306878306878307
2 0.5900297619047619 0.4656084656084656 0.033234126984126984 0.03835978835978836
1 0.6631944444444444 0.42162698412698413 0.02628968253968254 0.034722222222222224
1 0.7276785714285714 0.4705687830687831 0.026041666666666668 0.02447089947089947
1 0.7790178571428571 0.43716931216931215 0.022817460317460316 0.035383597883597885
0 0.5865575396825397 0.2843915343915344 0.03720238095238095 0.035383597883597885
0 0.6135912698412699 0.22850529100529102 0.012152777777777778 0.05291005291005291
0 0.8621031746031746 0.8958333333333334 0.03695436507936508 0.045304232804232805
0 0.8700396825396826 0.9087301587301587 0.035962301587301584 0.045965608465608467
0 0.9407242063492064 0.15343915343915343 0.039186507936507936 0.04894179894179894
0 0.9623015873015873 0.1583994708994709 0.03298611111111111 0.05489417989417989
0 0.9759424603174603 0.21064814814814814 0.027529761904761904 0.05787037037037037
1 0.9652777777777778 0.2671957671957672 0.0339781746031746 0.03935185185185185
1 0.9632936507936508 0.8902116402116402 0.030009920634920636 0.04332010582010582
1 0.8836805555555556 0.9229497354497355 0.028769841269841268 0.03902116402116402
