2 0.38333333333333336 0.49333333333333335 0.11666666666666667 0.18166666666666667
0 0.37444444444444447 0.6516666666666666 0.05444444444444444 0.12833333333333333
0 0.7155555555555555 0.5283333333333333 0.1322222222222222 0.1
1 0.8477777777777777 0.5633333333333334 0.1 0.14166666666666666
0 0.64 0.43666666666666665 0.051111111111111114 0.11833333333333333
1 0.6488888888888888 0.3233333333333333 0.08777777777777777 0.11833333333333333
4 0.5055555555555555 0.29333333333333333 0.08555555555555555 0.26166666666666666
2 0.2577777777777778 0.29 0.10111111111111111 0.155
0 0.14888888888888888 0.2783333333333333 0.10777777777777778 0.08166666666666667
0 0.10222222222222223 0.21333333333333335 0.057777777777777775 0.09
2 0.12 0.08666666666666667 0.09444444444444444 0.15166666666666667
0 0.24222222222222223 0.12166666666666667 0.11666666666666667 0.06
0 0.41555555555555557 0.13166666666666665 0.10333333333333333 0.07166666666666667
0 0.5855555555555556 0.14333333333333334 0.11444444444444445 0.056666666666666664
1 0.6988888888888889 0.09833333333333333 0.07555555555555556 0.09833333333333333
3 0.04 0.38666666666666666 0.14888888888888888 0.08
3 0.8611111111111112 0.44 0.1288888888888889 0.09
3 0.15666666666666668 0.6433333333333333 0.14666666666666667 0.09666666666666666
3 0.6144444444444445 0.67 0.14222222222222222 0.10666666666666667
