3 0.3359908883826879 0.44016227180527384 0.09567198177676538 0.17038539553752535
3 0.530751708428246 0.20486815415821502 0.08200455580865604 0.1460446247464503
3 0.7574031890660592 0.3265720081135903 0.08200455580865604 0.1460446247464503
3 0.5808656036446469 0.6754563894523327 0.09339407744874716 0.1663286004056795
1 0.47266514806378135 0.39553752535496955 0.06150341685649203 0.12170385395537525
0 0.5637813211845103 0.3813387423935091 0.09567198177676538 0.04665314401622718
0 0.9134396355353075 0.44016227180527384 0.02619589977220957 0.1460446247464503
1 0.9316628701594533 0.3204868154158215 0.0683371298405467 0.1075050709939148
3 0.9214123006833713 0.09533468559837728 0.07517084282460136 0.13387423935091278
3 0.285876993166287 0.030425963488843813 0.08200455580865604 0.1460446247464503
3 0.8462414578587699 0.8174442190669371 0.10022779043280182 0.17849898580121704
