0 0.41021825396825395 0.03670634920634921 0.039186507936507936 0.015542328042328041
0 0.4201388888888889 0.2251984126984127 0.016121031746031748 0.05291005291005291
0 0.5354662698412699 0.19345238095238096 0.015376984126984126 0.057539682539682536
1 0.5461309523809523 0.24239417989417988 0.028273809523809524 0.03373015873015873
2 0.42658730158730157 0.2863756613756614 0.035962301587301584 0.04828042328042328
0 0.5257936507936508 0.28505291005291006 0.036210317460317464 0.03902116402116402
0 0.35912698412698413 0.3419312169312169 0.03695436507936508 0.02447089947089947
2 0.49950396825396826 0.32771164021164023 0.034722222222222224 0.023478835978835978
0 0.6247519841269841 0.30654761904761907 0.019593253968253968 0.05555555555555555
0 0.6465773809523809 0.23644179894179895 0.034722222222222224 0.05092592592592592
0 0.3960813492063492 0.38955026455026454 0.021577380952380952 0.04894179894179894
1 0.404265873015873 0.4417989417989418 0.02703373015873016 0.03273809523809524
0 0.3246527777777778 0.48578042328042326 0.03794642857142857 0.01917989417989418
1 0.3603670634920635 0.5062830687830688 0.028025793650793652 0.03207671957671958
1 0.47098214285714285 0.4675925925925926 0.023809523809523808 0.034722222222222224
0 0.47941468253968256 0.5198412698412699 0.020337301587301588 0.05125661375661376
1 0.4826388888888889 0.5575396825396826 0.025793650793650792 0.026785714285714284
0 0.45882936507936506 0.5869708994708994 0.03125 0.040674603174603176
2 0.37648809523809523 0.580026455026455 0.034722222222222224 0.040013227513227514
0 0.5825892857142857 0.5472883597883598 0.03447420634920635 0.03869047619047619
2 0.6669146825396826 0.5472883597883598 0.03571428571428571 0.03406084656084656
2 0.5133928571428571 0.4060846560846561 0.03844246031746032 0.041666666666666664
1 0.763640873015873 0.32671957671957674 0.028769841269841268 0.026785714285714284
2 0.7080853174603174 0.3931878306878307 0.037698412698412696 0.0333994708994709
0 0.6086309523809523 0.396494708994709 0.03571428571428571 0.04497354497354497
0 0.7189980158730159 0.435515873015873 0.018105158730158732 0.05555555555555555
0 0.5875496031746031 0.4632936507936508 0.019593253968253968 0.05026455026455026
0 0.769593253968254 0.5033068783068783 0.043402777777777776 0.023478835978835978
0 0.6956845238095238 0.517526455026455 0.03819444444444445 0.040013227513227514
0 0.7103174603174603 0.6488095238095238 0.042162698412698416 0.027777777777777776
2 0.7534722222222222 0.6590608465608465 0.028769841269841268 0.050595238095238096
2 0.6299603174603174 0.7076719576719577 0.033482142857142856 0.03902116402116402
0 0.5962301587301587 0.6838624338624338 0.04265873015873016 0.025793650793650792
2 0.5567956349206349 0.6676587301587301 0.023313492063492064 0.046296296296296294
1 0.519593253968254 0.7400793650793651 0.018849206349206348 0.036044973544973546
1 0.5305059523809523 0.8042328042328042 0.024553571428571428 0.03802910052910053
0 0.48462301587301587 0.7126322751322751 0.038938492063492064 0.028108465608465607
0 0.4486607142857143 0.6537698412698413 0.020089285714285716 0.052248677248677246
0 0.43278769841269843 0.7331349206349206 0.03249007936507937 0.04133597883597884
0 0.9203869047619048 0.09953703703703703 0.0339781746031746 0.057539682539682536
0 0.9848710317460317 0.8872354497354498 0.0220734126984127 0.05952380952380952
0 0.1775793650793651 0.8005952380952381 0.028025793650793652 0.0419973544973545
0 0.16170634920634921 0.792989417989418 0.02703373015873016 0.04265873015873016
0 0.11284722222222222 0.6957671957671958 0.022321428571428572 0.045304232804232805
0 0.09350198412698413 0.7043650793650794 0.011160714285714286 0.04497354497354497
0 0.1515376984126984 0.5542328042328042 0.00992063492063492 0.04563492063492063
0 0.13764880952380953 0.5502645502645502 0.015376984126984126 0.047619047619047616
3 0.37028769841269843 0.2569444444444444 0.03819444444444445 0.05026455026455026
3 0.5047123015873016 0.2166005291005291 0.03869047619047619 0.051587301587301584
3 0.6862599206349206 0.27116402116402116 0.04365079365079365 0.06084656084656084
3 0.5639880952380952 0.328042328042328 0.037698412698412696 0.05291005291005291
3 0.33209325396825395 0.414021164021164 0.034722222222222224 0.05026455026455026
3 0.44047619047619047 0.38657407407407407 0.037698412698412696 0.04828042328042328
3 0.6391369047619048 0.4401455026455027 0.04265873015873016 0.05423280423280423
3 0.7829861111111112 0.38855820105820105 0.04365079365079365 0.05423280423280423
3 0.7378472222222222 0.5714285714285714 0.043154761904761904 0.05357142857142857
3 0.5228174603174603 0.5006613756613757 0.037698412698412696 0.0496031746031746
3 0.6101190476190477 0.6216931216931217 0.03819444444444445 0.05026455026455026
3 0.7028769841269841 0.7123015873015873 0.040674603174603176 0.047619047619047616
3 0.5756448412698413 0.7404100529100529 0.03819444444444445 0.05026455026455026
3 0.48412698412698413 0.7781084656084656 0.03521825396825397 0.046957671957671955
3 0.5119047619047619 0.6170634920634921 0.036210317460317464 0.0496031746031746
3 0.3851686507936508 0.6458333333333334 0.03422619047619048 0.046296296296296294
3 0.4270833333333333 0.5393518518518519 0.03819444444444445 0.05026455026455026
0 0.6448412698412699 0.7476851851851852 0.019593253968253968 0.049933862433862435
