0 0.3837890625 0.2814982973893303 0.044921875 0.039727582292849034
1 0.3544921875 0.3030646992054484 0.0361328125 0.03859250851305335
0 0.5 0.35754824063564133 0.01171875 0.0510783200908059
1 0.498046875 0.40068104426787743 0.0205078125 0.03178206583427923
0 0.6796875 0.2758229284903519 0.0439453125 0.03518728717366629
1 0.7099609375 0.25198637911464244 0.0341796875 0.03518728717366629
1 0.7109375 0.4449489216799092 0.0224609375 0.028376844494892167
0 0.712890625 0.4858115777525539 0.015625 0.05561861520998865
0 0.5703125 0.4982973893303065 0.01171875 0.05448354143019296
1 0.5703125 0.5402951191827469 0.0244140625 0.032917139614074914
0 0.3515625 0.6458569807037458 0.013671875 0.053348467650397274
1 0.3515625 0.6889897843359818 0.0224609375 0.0340522133938706
0 0.609375 0.7128263337116912 0.0458984375 0.036322360953461974
1 0.6416015625 0.6912599318955732 0.033203125 0.032917139614074914
1 0.5693359375 0.8354143019296254 0.0302734375 0.032917139614074914
0 0.537109375 0.8569807037457434 0.0458984375 0.04086265607264472
3 0.3544921875 0.20317820658342792 0.044921875 0.04767309875141884
3 0.5029296875 0.19977298524404086 0.044921875 0.049943246311010214
3 0.6396484375 0.20317820658342792 0.048828125 0.05221339387060159
3 0.287109375 0.34846765039727584 0.044921875 0.05221339387060159
3 0.4228515625 0.34619750283768447 0.044921875 0.049943246311010214
3 0.5703125 0.34506242905788875 0.04296875 0.049943246311010214
3 0.712890625 0.34846765039727584 0.046875 0.05221339387060159
3 0.7861328125 0.49716231555051077 0.044921875 0.049943246311010214
3 0.642578125 0.492622020431328 0.046875 0.05221339387060159
3 0.498046875 0.489216799091941 0.046875 0.049943246311010214
3 0.3525390625 0.4880817253121453 0.044921875 0.05221339387060159
4 0.2099609375 0.4869466515323496 0.033203125 0.03859250851305335
3 0.2822265625 0.6356413166855845 0.046875 0.05448354143019296
3 0.42578125 0.6367763904653803 0.044921875 0.049943246311010214
3 0.572265625 0.6345062429057888 0.048828125 0.056753688989784334
3 0.7138671875 0.637911464245176 0.046875 0.049943246311010214
3 0.3505859375 0.7797956867196367 0.044921875 0.056753688989784334
3 0.49609375 0.7832009080590239 0.048828125 0.05448354143019296
3 0.6455078125 0.7820658342792282 0.044921875 0.05221339387060159
