3 0.3556547619047619 0.4930555555555556 0.036210317460317464 0.04828042328042328
3 0.34672619047619047 0.6716269841269841 0.03819444444444445 0.05092592592592592
3 0.4489087301587302 0.7622354497354498 0.03571428571428571 0.047619047619047616
3 0.5354662698412699 0.8326719576719577 0.03968253968253968 0.05291005291005291
3 0.7740575396825397 0.7056878306878307 0.03819444444444445 0.05092592592592592
3 0.5515873015873016 0.6841931216931217 0.03670634920634921 0.04894179894179894
3 0.6723710317460317 0.5902777777777778 0.037698412698412696 0.05026455026455026
3 0.4645337301587302 0.5886243386243386 0.037698412698412696 0.05026455026455026
3 0.5659722222222222 0.49966931216931215 0.03720238095238095 0.0496031746031746
3 0.7926587301587301 0.5261243386243386 0.03968253968253968 0.05291005291005291
3 0.6624503968253969 0.42658730158730157 0.03869047619047619 0.051587301587301584
3 0.5610119047619048 0.3776455026455027 0.03720238095238095 0.0496031746031746
3 0.4625496031746032 0.40575396825396826 0.03373015873015873 0.04497354497354497
3 0.36607142857142855 0.35284391534391535 0.03273809523809524 0.04365079365079365
3 0.47767857142857145 0.27645502645502645 0.03422619047619048 0.04563492063492063
3 0.5617559523809523 0.19940476190476192 0.036210317460317464 0.04828042328042328
3 0.6899801587301587 0.29894179894179895 0.03670634920634921 0.04894179894179894
3 0.7938988095238095 0.36706349206349204 0.037698412698412696 0.05026455026455026
4 0.6569940476190477 0.779431216931217 0.033234126984126984 0.04431216931216931
1 0.6108630952380952 0.8369708994708994 0.02628968253968254 0.030753968253968252
0 0.7626488095238095 0.9454365079365079 0.043402777777777776 0.02017195767195767
1 0.5840773809523809 0.7705026455026455 0.02132936507936508 0.03835978835978836
0 0.49404761904761907 0.7807539682539683 0.024305555555555556 0.04894179894179894
0 0.4945436507936508 0.7288359788359788 0.028025793650793652 0.049933862433862435
0 0.5 0.6246693121693122 0.028769841269841268 0.04563492063492063
2 0.41021825396825395 0.6521164021164021 0.037450396825396824 0.040674603174603176
2 0.375 0.7281746031746031 0.03794642857142857 0.04298941798941799
0 0.404265873015873 0.519510582010582 0.028025793650793652 0.04662698412698413
0 0.4459325396825397 0.49404761904761907 0.03794642857142857 0.013227513227513227
0 0.5042162698412699 0.5479497354497355 0.026041666666666668 0.04828042328042328
0 0.33382936507936506 0.5615079365079365 0.03869047619047619 0.012235449735449735
2 0.3740079365079365 0.5671296296296297 0.03670634920634921 0.03306878306878307
2 0.5835813492063492 0.5856481481481481 0.03050595238095238 0.04563492063492063
1 0.6192956349206349 0.683531746031746 0.026785714285714284 0.03406084656084656
2 0.7006448412698413 0.6898148148148148 0.02058531746031746 0.044642857142857144
0 0.7740575396825397 0.6150793650793651 0.04365079365079365 0.01984126984126984
0 0.7284226190476191 0.5770502645502645 0.030009920634920636 0.051587301587301584
1 0.7038690476190477 0.5205026455026455 0.028025793650793652 0.036375661375661374
1 0.6259920634920635 0.5132275132275133 0.026785714285714284 0.03406084656084656
0 0.5084325396825397 0.45337301587301587 0.024305555555555556 0.04828042328042328
0 0.560515873015873 0.43154761904761907 0.03794642857142857 0.013558201058201057
0 0.6088789682539683 0.4646164021164021 0.028521825396825396 0.04894179894179894
1 0.5984623015873016 0.42824074074074076 0.028025793650793652 0.0333994708994709
0 0.6173115079365079 0.38392857142857145 0.02058531746031746 0.052248677248677246
2 0.7512400793650794 0.44345238095238093 0.03571428571428571 0.04398148148148148
2 0.7130456349206349 0.35284391534391535 0.03546626984126984 0.0496031746031746
0 0.6170634920634921 0.3072089947089947 0.027281746031746032 0.0496031746031746
0 0.6207837301587301 0.22585978835978837 0.028769841269841268 0.0496031746031746
0 0.5709325396825397 0.2662037037037037 0.03869047619047619 0.01488095238095238
2 0.5354662698412699 0.26421957671957674 0.027281746031746032 0.04728835978835979
0 0.46478174603174605 0.3406084656084656 0.03794642857142857 0.014219576719576719
0 0.3603670634920635 0.41203703703703703 0.037450396825396824 0.014219576719576719
2 0.3308531746031746 0.4070767195767196 0.02554563492063492 0.04728835978835979
1 0.42237103174603174 0.3402777777777778 0.024305555555555556 0.021494708994708994
0 0.40922619047619047 0.29828042328042326 0.028025793650793652 0.04728835978835979
0 0.25471230158730157 0.921957671957672 0.01984126984126984 0.052248677248677246
0 0.28000992063492064 0.933531746031746 0.03249007936507937 0.04398148148148148
0 0.9481646825396826 0.0205026455026455 0.03993055555555555 0.034722222222222224
