0 0.5885416666666666 0.25 0.024305555555555556 0.056878306878306875
3 0.30778769841269843 0.33035714285714285 0.03869047619047619 0.051587301587301584
3 0.40947420634920634 0.4427910052910053 0.03273809523809524 0.04365079365079365
3 0.29216269841269843 0.5069444444444444 0.030753968253968252 0.041005291005291
3 0.29389880952380953 0.6554232804232805 0.029265873015873016 0.03902116402116402
3 0.3923611111111111 0.7248677248677249 0.029265873015873016 0.03902116402116402
3 0.4166666666666667 0.6068121693121693 0.030753968253968252 0.041005291005291
3 0.5111607142857143 0.5327380952380952 0.03125 0.041666666666666664
3 0.5186011904761905 0.6511243386243386 0.028769841269841268 0.03835978835978836
3 0.5166170634920635 0.8184523809523809 0.027777777777777776 0.037037037037037035
3 0.5972222222222222 0.7463624338624338 0.03125 0.041666666666666664
3 0.7100694444444444 0.6779100529100529 0.03273809523809524 0.04365079365079365
3 0.6116071428571429 0.6243386243386243 0.03125 0.041666666666666664
3 0.6135912698412699 0.4427910052910053 0.030753968253968252 0.041005291005291
3 0.7234623015873016 0.5380291005291006 0.033234126984126984 0.04431216931216931
3 0.7393353174603174 0.35548941798941797 0.033234126984126984 0.04431216931216931
3 0.5275297619047619 0.3492063492063492 0.03521825396825397 0.046957671957671955
3 0.6336805555555556 0.2638888888888889 0.034722222222222224 0.046296296296296294
3 0.5451388888888888 0.1927910052910053 0.03819444444444445 0.05092592592592592
0 0.5873015873015873 0.3029100529100529 0.028273809523809524 0.05125661375661376
0 0.5674603174603174 0.5783730158730159 0.02628968253968254 0.04828042328042328
0 0.5171130952380952 0.5988756613756614 0.039186507936507936 0.011574074074074073
0 0.46999007936507936 0.5671296296296297 0.028025793650793652 0.04728835978835979
0 0.7502480158730159 0.4708994708994709 0.04017857142857143 0.011904761904761904
2 0.6741071428571429 0.38095238095238093 0.04092261904761905 0.042328042328042326
2 0.3804563492063492 0.34656084656084657 0.020089285714285716 0.04398148148148148
1 0.46999007936507936 0.19113756613756613 0.02703373015873016 0.030753968253968252
2 0.4947916666666667 0.4487433862433862 0.03125 0.04794973544973545
2 0.7085813492063492 0.46726190476190477 0.03720238095238095 0.03902116402116402
1 0.3784722222222222 0.5132275132275133 0.028025793650793652 0.036375661375661374
1 0.6537698412698413 0.6868386243386243 0.024553571428571428 0.026124338624338623
2 0.5401785714285714 0.7582671957671958 0.02703373015873016 0.0496031746031746
0 0.6312003968253969 0.5370370370370371 0.039186507936507936 0.012896825396825396
0 0.6750992063492064 0.5128968253968254 0.03050595238095238 0.04894179894179894
0 0.6651785714285714 0.7288359788359788 0.02628968253968254 0.046296296296296294
0 0.45808531746031744 0.7916666666666666 0.027529761904761904 0.046296296296296294
0 0.4623015873015873 0.7159391534391535 0.025049603174603176 0.046296296296296294
2 0.37103174603174605 0.6732804232804233 0.03298611111111111 0.05125661375661376
0 0.35441468253968256 0.4580026455026455 0.027281746031746032 0.0496031746031746
1 0.45287698412698413 0.5191798941798942 0.02554563492063492 0.03736772486772487
1 0.4595734126984127 0.3521825396825397 0.02703373015873016 0.03505291005291005
0 0.31200396825396826 0.4209656084656085 0.04017857142857143 0.015542328042328041
0 0.574156746031746 0.48644179894179895 0.02628968253968254 0.0496031746031746
2 0.7105654761904762 0.2986111111111111 0.03794642857142857 0.04728835978835979
0 0.4625496031746032 0.6428571428571429 0.02132936507936508 0.05191798941798942
0 0.5054563492063492 0.7536375661375662 0.039186507936507936 0.017857142857142856
1 0.5776289682539683 0.6898148148148148 0.025049603174603176 0.03670634920634921
0 0.6111111111111112 0.6865079365079365 0.037698412698412696 0.015542328042328041
0 0.7185019841269841 0.6190476190476191 0.03794642857142857 0.01521164021164021
2 0.748015873015873 0.6273148148148148 0.028521825396825396 0.0496031746031746
2 0.33482142857142855 0.5889550264550265 0.035962301587301584 0.04497354497354497
1 0.49677579365079366 0.2619047619047619 0.0220734126984127 0.03406084656084656
4 0.4226190476190476 0.25562169312169314 0.024305555555555556 0.032407407407407406
0 0.3070436507936508 0.0419973544973545 0.021577380952380952 0.062169312169312166
0 0.31547619047619047 0.08498677248677249 0.043154761904761904 0.022486772486772486
0 0.24330357142857142 0.03835978835978836 0.036210317460317464 0.05588624338624339
0 0.26686507936507936 0.03835978835978836 0.04538690476190476 0.037698412698412696
0 0.2663690476190476 0.01984126984126984 0.04439484126984127 0.03835978835978836
0 0.8206845238095238 0.0710978835978836 0.034722222222222224 0.05257936507936508
0 0.8487103174603174 0.08498677248677249 0.024553571428571428 0.056878306878306875
0 0.8296130952380952 0.05952380952380952 0.03571428571428571 0.046296296296296294
1 0.8405257936507936 0.04332010582010582 0.030257936507936508 0.041005291005291
0 0.8469742063492064 0.027116402116402115 0.03844246031746032 0.04365079365079365
0 0.9243551587301587 0.9126984126984127 0.03670634920634921 0.03968253968253968
0 0.8955853174603174 0.8746693121693122 0.034970238095238096 0.037698412698412696
0 0.9732142857142857 0.8217592592592593 0.03571428571428571 0.041666666666666664
2 0.8670634920634921 0.826058201058201 0.037450396825396824 0.046296296296296294
1 0.8950892857142857 0.8227513227513228 0.024553571428571428 0.0291005291005291
0 0.966765873015873 0.7463624338624338 0.021825396825396824 0.0496031746031746
0 0.9898313492063492 0.6977513227513228 0.018601190476190476 0.05026455026455026
0 0.06274801587301587 0.9017857142857143 0.017857142857142856 0.04927248677248677
0 0.08482142857142858 0.8852513227513228 0.017609126984126984 0.05026455026455026
2 0.08854166666666667 0.9451058201058201 0.043402777777777776 0.03835978835978836
0 0.10515873015873016 0.718915343915344 0.020089285714285716 0.052248677248677246
0 0.0873015873015873 0.7182539682539683 0.02554563492063492 0.05092592592592592
0 0.10193452380952381 0.8171296296296297 0.0339781746031746 0.03273809523809524
0 0.10094246031746032 0.8313492063492064 0.03373015873015873 0.03141534391534392
1 0.09970238095238096 0.77744708994709 0.029265873015873016 0.036375661375661374
1 0.13194444444444445 0.8068783068783069 0.027281746031746032 0.027116402116402115
