3 0.36289500509684 0.12073863636363637 0.035168195718654434 0.06534090909090909
3 0.33562691131498473 0.2850378787878788 0.03618756371049949 0.06723484848484848
3 0.4477573904179409 0.24289772727272727 0.03363914373088685 0.0625
3 0.5451070336391437 0.20928030303030304 0.03363914373088685 0.0625
3 0.6444954128440367 0.140625 0.0326197757390418 0.06060606060606061
3 0.6365953109072375 0.32575757575757575 0.034148827726809376 0.0634469696969697
3 0.555045871559633 0.048295454545454544 0.0326197757390418 0.06060606060606061
3 0.46075433231396534 0.08712121212121213 0.0326197757390418 0.06060606060606061
3 0.5326197757390418 0.3612689393939394 0.03720693170234455 0.06912878787878787
3 0.4184505606523955 0.4128787878787879 0.03618756371049949 0.06723484848484848
3 0.7222222222222222 0.45454545454545453 0.03618756371049949 0.06723484848484848
3 0.6246177370030581 0.5241477272727273 0.03924566768603466 0.07291666666666667
3 0.49770642201834864 0.5847537878787878 0.040265035677879715 0.07481060606060606
3 0.39602446483180426 0.6382575757575758 0.040774719673802244 0.07575757575757576
3 0.7112640163098879 0.665719696969697 0.0382262996941896 0.07102272727272728
3 0.6111111111111112 0.7173295454545454 0.04128440366972477 0.07670454545454546
3 0.49337410805300713 0.8309659090909091 0.04485219164118247 0.08333333333333333
0 0.40214067278287463 0.17234848484848486 0.02981651376146789 0.05350378787878788
1 0.38047910295616716 0.21022727272727273 0.024464831804281346 0.04214015151515151
1 0.5211518858307849 0.09185606060606061 0.02166156982670744 0.036458333333333336
0 0.5 0.1434659090909091 0.03160040774719674 0.046875
1 0.4625382262996942 0.34327651515151514 0.023955147808358817 0.03551136363636364
0 0.47349643221202853 0.40861742424242425 0.016819571865443424 0.06865530303030302
0 0.35932721712538224 0.4493371212121212 0.0226809378185525 0.07291666666666667
1 0.37283384301732925 0.5127840909090909 0.0254841997961264 0.052556818181818184
4 0.7349643221202854 0.24621212121212122 0.03211009174311927 0.06581439393939394
0 0.6659021406727829 0.45928030303030304 0.0254841997961264 0.06865530303030302
1 0.6880733944954128 0.5269886363636364 0.02981651376146789 0.052556818181818184
1 0.4617737003058104 0.6609848484848485 0.02522935779816514 0.03740530303030303
0 0.4971967380224261 0.6728219696969697 0.040519877675840976 0.036458333333333336
