3 0.31542857142857145 0.7777777777777778 0.064 0.10101010101010101
3 0.4868571428571429 0.7535353535353535 0.052571428571428575 0.09292929292929293
3 0.6617142857142857 0.7575757575757576 0.05714285714285714 0.08888888888888889
3 0.7097142857142857 0.5555555555555556 0.05028571428571429 0.07676767676767676
3 0.5702857142857143 0.5414141414141415 0.052571428571428575 0.07676767676767676
3 0.4022857142857143 0.5212121212121212 0.054857142857142854 0.07676767676767676
3 0.23542857142857143 0.5515151515151515 0.05942857142857143 0.07676767676767676
3 0.18628571428571428 0.3656565656565657 0.048 0.06464646464646465
3 0.3474285714285714 0.3616161616161616 0.045714285714285714 0.06464646464646465
3 0.4765714285714286 0.3696969696969697 0.05028571428571429 0.06060606060606061
3 0.6205714285714286 0.36767676767676766 0.04342857142857143 0.06868686868686869
3 0.7577142857142857 0.3838383838383838 0.045714285714285714 0.06868686868686869
3 0.6628571428571428 0.22828282828282828 0.04114285714285714 0.05656565656565657
3 0.5542857142857143 0.23030303030303031 0.04342857142857143 0.05656565656565657
3 0.40914285714285714 0.2202020202020202 0.045714285714285714 0.048484848484848485
3 0.28 0.21818181818181817 0.048 0.05656565656565657
3 0.4685714285714286 0.1111111111111111 0.04114285714285714 0.048484848484848485
3 0.35314285714285715 0.09898989898989899 0.045714285714285714 0.044444444444444446
1 0.488 0.6121212121212121 0.029714285714285714 0.048484848484848485
0 0.32 0.5595959595959596 0.016 0.08282828282828283
0 0.4857142857142857 0.5434343434343434 0.017142857142857144 0.08686868686868687
1 0.32685714285714285 0.4727272727272727 0.03542857142857143 0.05656565656565657
1 0.5554285714285714 0.4161616161616162 0.02857142857142857 0.048484848484848485
0 0.5508571428571428 0.36363636363636365 0.016 0.06464646464646465
1 0.20685714285714285 0.25656565656565655 0.03542857142857143 0.06262626262626263
1 0.3417142857142857 0.2585858585858586 0.025142857142857144 0.03838383838383838
1 0.6868571428571428 0.30505050505050507 0.03428571428571429 0.052525252525252523
0 0.6891428571428572 0.35555555555555557 0.02057142857142857 0.07878787878787878
0 0.37485714285714283 0.2868686868686869 0.04342857142857143 0.052525252525252523
1 0.48 0.17777777777777778 0.026285714285714287 0.044444444444444446
0 0.448 0.16363636363636364 0.04 0.04242424242424243
0 0.2342857142857143 0.29494949494949496 0.04228571428571429 0.05454545454545454
