0 0.1701388888888889 0.22486772486772486 0.02554563492063492 0.044642857142857144
0 0.171875 0.26884920634920634 0.030753968253968252 0.037698412698412696
0 0.19915674603174602 0.26322751322751325 0.03571428571428571 0.03406084656084656
0 0.2244543650793651 0.2800925925925926 0.03422619047619048 0.028439153439153438
0 0.2390873015873016 0.2718253968253968 0.03695436507936508 0.01984126984126984
0 0.28273809523809523 0.2724867724867725 0.03125 0.03802910052910053
0 0.23288690476190477 0.25992063492063494 0.034970238095238096 0.0205026455026455
0 0.21329365079365079 0.2390873015873016 0.03546626984126984 0.026785714285714284
0 0.2105654761904762 0.21726190476190477 0.03571428571428571 0.01455026455026455
0 0.22123015873015872 0.20535714285714285 0.037450396825396824 0.018849206349206348
0 0.23189484126984128 0.18353174603174602 0.034722222222222224 0.01984126984126984
1 0.25570436507936506 0.19146825396825398 0.02628968253968254 0.0333994708994709
0 0.2881944444444444 0.1693121693121693 0.023561507936507936 0.04828042328042328
0 0.43601190476190477 0.28075396825396826 0.03149801587301587 0.03968253968253968
1 0.46279761904761907 0.30456349206349204 0.025297619047619048 0.030753968253968252
0 0.466765873015873 0.3488756613756614 0.018849206349206348 0.04894179894179894
0 0.36334325396825395 0.3912037037037037 0.03125 0.04034391534391534
2 0.46478174603174605 0.39715608465608465 0.03373015873015873 0.04332010582010582
2 0.39186507936507936 0.4255952380952381 0.037698412698412696 0.036044973544973546
2 0.5074404761904762 0.44113756613756616 0.032242063492063495 0.02447089947089947
0 0.5749007936507936 0.359457671957672 0.011904761904761904 0.04861111111111111
0 0.5895337301587301 0.4252645502645503 0.03720238095238095 0.03505291005291005
0 0.546875 0.2873677248677249 0.034970238095238096 0.03869047619047619
0 0.5327380952380952 0.22420634920634921 0.010912698412698412 0.051587301587301584
1 0.6545138888888888 0.19477513227513227 0.026537698412698412 0.03505291005291005
2 0.6443452380952381 0.2767857142857143 0.03521825396825397 0.04265873015873016
0 0.671875 0.29927248677248675 0.03670634920634921 0.041005291005291
0 0.7395833333333334 0.3058862433862434 0.03844246031746032 0.03670634920634921
0 0.6959325396825397 0.37533068783068785 0.01636904761904762 0.051587301587301584
2 0.6882440476190477 0.41798941798941797 0.036458333333333336 0.040674603174603176
2 0.8087797619047619 0.42923280423280424 0.03050595238095238 0.050595238095238096
0 0.7718253968253969 0.460978835978836 0.040426587301587304 0.0291005291005291
2 0.7430555555555556 0.5750661375661376 0.038938492063492064 0.04034391534391534
0 0.7765376984126984 0.5972222222222222 0.03968253968253968 0.03968253968253968
0 0.7063492063492064 0.5892857142857143 0.03943452380952381 0.03406084656084656
2 0.6666666666666666 0.609457671957672 0.0339781746031746 0.045965608465608467
1 0.6731150793650794 0.7073412698412699 0.025049603174603176 0.03670634920634921
1 0.7157738095238095 0.7533068783068783 0.028769841269841268 0.03670634920634921
0 0.6319444444444444 0.7195767195767195 0.03968253968253968 0.03306878306878307
0 0.5997023809523809 0.7853835978835979 0.013888888888888888 0.05257936507936508
0 0.5719246031746031 0.7007275132275133 0.03695436507936508 0.042328042328042326
0 0.5481150793650794 0.6332671957671958 0.01314484126984127 0.050595238095238096
1 0.5528273809523809 0.5849867724867724 0.026041666666666668 0.034722222222222224
0 0.5319940476190477 0.560515873015873 0.034722222222222224 0.036044973544973546
2 0.4779265873015873 0.7003968253968254 0.03273809523809524 0.028769841269841268
1 0.4320436507936508 0.6550925925925926 0.02628968253968254 0.022486772486772486
0 0.39384920634920634 0.6703042328042328 0.03695436507936508 0.03439153439153439
1 0.439484126984127 0.5625 0.025793650793650792 0.028108465608465607
0 0.41021825396825395 0.5304232804232805 0.03447420634920635 0.03439153439153439
0 0.3628472222222222 0.5248015873015873 0.03670634920634921 0.030753968253968252
0 0.27455357142857145 0.8978174603174603 0.028025793650793652 0.046957671957671955
0 0.25967261904761907 0.91005291005291 0.031994047619047616 0.04828042328042328
1 0.28422619047619047 0.9606481481481481 0.028025793650793652 0.03505291005291005
3 0.42311507936507936 0.32043650793650796 0.03819444444444445 0.046296296296296294
3 0.5746527777777778 0.2175925925925926 0.03968253968253968 0.04298941798941799
3 0.6951884920634921 0.2218915343915344 0.04265873015873016 0.047619047619047616
3 0.6170634920634921 0.3687169312169312 0.03869047619047619 0.04828042328042328
3 0.5119047619047619 0.34755291005291006 0.03521825396825397 0.04828042328042328
3 0.751984126984127 0.3802910052910053 0.041666666666666664 0.05423280423280423
3 0.7993551587301587 0.5171957671957672 0.04017857142857143 0.05291005291005291
3 0.6840277777777778 0.5281084656084656 0.040674603174603176 0.05357142857142857
3 0.5592757936507936 0.5092592592592593 0.03720238095238095 0.05092592592592592
3 0.44345238095238093 0.49173280423280424 0.037698412698412696 0.047619047619047616
3 0.33630952380952384 0.4540343915343915 0.036210317460317464 0.046957671957671955
3 0.3712797619047619 0.6048280423280423 0.03422619047619048 0.046957671957671955
3 0.5014880952380952 0.6226851851851852 0.03521825396825397 0.047619047619047616
3 0.6061507936507936 0.611441798941799 0.04117063492063492 0.051587301587301584
3 0.7182539682539683 0.6570767195767195 0.04117063492063492 0.05291005291005291
3 0.6661706349206349 0.7800925925925926 0.03968253968253968 0.05357142857142857
3 0.5178571428571429 0.753968253968254 0.03720238095238095 0.051587301587301584
3 0.4124503968253968 0.7380952380952381 0.034722222222222224 0.0496031746031746
