3 0.3101160862354892 0.58125 0.08623548922056384 0.1375
3 0.548922056384743 0.696875 0.09286898839137644 0.1375
3 0.7761194029850746 0.553125 0.09286898839137644 0.125
3 0.26865671641791045 0.94375 0.11276948590381426 0.1625
3 0.05970149253731343 0.621875 0.09950248756218906 0.14375
3 0.7976782752902156 0.209375 0.07296849087893864 0.08125
3 0.3598673300165838 0.203125 0.07296849087893864 0.0875
3 0.13432835820895522 0.284375 0.08291873963515754 0.09375
3 0.5704809286898839 0.1 0.07628524046434494 0.08125
3 0.9286898839137645 0.09375 0.07960199004975124 0.08125
3 0.24212271973466004 0.05 0.06965174129353234 0.0875
1 0.208955223880597 0.671875 0.05638474295190713 0.13125
0 0.2835820895522388 0.696875 0.09950248756218906 0.046875
1 0.7313432835820896 0.7125 0.07462686567164178 0.115625
0 0.8291873963515755 0.73125 0.10945273631840796 0.0625
1 0.9618573797678275 0.525 0.07131011608623548 0.109375
0 0.9021558872305141 0.45625 0.07960199004975124 0.125
1 0.8922056384742952 0.228125 0.05970149253731343 0.075
0 0.8524046434494196 0.153125 0.06965174129353234 0.1
4 0.5655058043117744 0.30625 0.05638474295190713 0.1875
0 0.36981757877280264 0.075 0.06799336650082918 0.04375
1 0.3117744610281924 0.053125 0.04643449419568822 0.09375
0 0.23217247097844113 0.396875 0.07960199004975124 0.10625
1 0.2769485903814262 0.30625 0.05472636815920398 0.1
1 0.4444444444444444 0.90625 0.06799336650082918 0.103125
0 0.5439469320066335 0.93125 0.10613598673300166 0.05
