0 0.5855654761904762 0.22883597883597884 0.0597718253968254 0.15079365079365079
0 0.4806547619047619 0.4365079365079365 0.0818452380952381 0.13988095238095238
1 0.5553075396825397 0.3773148148148148 0.05853174603174603 0.09226190476190477
1 0.5337301587301587 0.2959656084656085 0.07242063492063493 0.09556878306878307
0 0.49107142857142855 0.519510582010582 0.0992063492063492 0.11607142857142858
0 0.49007936507936506 0.5806878306878307 0.0920138888888889 0.12301587301587301
0 0.4131944444444444 0.7271825396825397 0.0642361111111111 0.15145502645502645
0 0.498015873015873 0.8167989417989417 0.10788690476190477 0.05324074074074074
2 0.48412698412698413 0.728505291005291 0.09126984126984126 0.14087301587301587
0 0.7738095238095238 0.45866402116402116 0.03819444444444445 0.15145502645502645
0 0.6272321428571429 0.5968915343915344 0.10342261904761904 0.0992063492063492
0 0.5510912698412699 0.7129629629629629 0.04513888888888889 0.15244708994708994
0 0.642609126984127 0.667989417989418 0.10739087301587301 0.09060846560846561
