1 0.16416666666666666 0.66 0.1025 0.13625
0 0.3125 0.675 0.15416666666666667 0.075
2 0.8091666666666667 0.31875 0.11083333333333334 0.16625
0 0.7133333333333334 0.31875 0.085 0.06875
0 0.6016666666666667 0.29875 0.11583333333333333 0.06125
1 0.45 0.2975 0.07666666666666666 0.0975
1 0.11 0.2575 0.08166666666666667 0.0975
0 0.045 0.3375 0.07166666666666667 0.09625
0 0.6308333333333334 0.17625 0.08 0.0775
2 0.5758333333333333 0.10125 0.07166666666666667 0.14375
3 0.38333333333333336 0.82375 0.16 0.1175
3 0.68 0.63375 0.145 0.08
3 0.2375 0.545 0.13166666666666665 0.09
3 0.6033333333333334 0.42625 0.13 0.08
3 0.9533333333333334 0.48125 0.11333333333333333 0.08
3 0.19416666666666665 0.34875 0.11666666666666667 0.07
