0 0.25744047619047616 0.04398148148148148 0.031001984126984128 0.0419973544973545
0 0.2619047619047619 0.02017195767195767 0.031746031746031744 0.03935185185185185
0 0.9461805555555556 0.1865079365079365 0.04538690476190476 0.0291005291005291
0 0.9826388888888888 0.21197089947089948 0.032242063492063495 0.05588624338624339
0 0.9280753968253969 0.226521164021164 0.015625 0.0539021164021164
0 0.8943452380952381 0.2509920634920635 0.043402777777777776 0.041666666666666664
0 0.8883928571428571 0.2748015873015873 0.040426587301587304 0.04728835978835979
0 0.902281746031746 0.2751322751322751 0.040674603174603176 0.04332010582010582
0 0.9352678571428571 0.2622354497354497 0.042162698412698416 0.04034391534391534
0 0.9565972222222222 0.2718253968253968 0.037450396825396824 0.05026455026455026
0 0.9583333333333334 0.29298941798941797 0.03943452380952381 0.0496031746031746
0 0.8516865079365079 0.3333333333333333 0.012152777777777778 0.05423280423280423
1 0.9377480158730159 0.3478835978835979 0.026041666666666668 0.035383597883597885
0 0.9642857142857143 0.32341269841269843 0.031001984126984128 0.05489417989417989
1 0.9474206349206349 0.37632275132275134 0.032242063492063495 0.03571428571428571
0 0.9278273809523809 0.4041005291005291 0.030257936507936508 0.05324074074074074
0 0.8625992063492064 0.8644179894179894 0.039186507936507936 0.04365079365079365
0 0.9017857142857143 0.8611111111111112 0.044642857142857144 0.02976190476190476
1 0.8809523809523809 0.8783068783068783 0.028025793650793652 0.03869047619047619
0 0.21428571428571427 0.9417989417989417 0.02976190476190476 0.0419973544973545
0 0.5086805555555556 0.2404100529100529 0.013640873015873016 0.0539021164021164
1 0.4947916666666667 0.2916666666666667 0.02554563492063492 0.036044973544973546
2 0.4419642857142857 0.31977513227513227 0.02976190476190476 0.045304232804232805
1 0.5453869047619048 0.3501984126984127 0.025297619047619048 0.034722222222222224
0 0.5835813492063492 0.333994708994709 0.037698412698412696 0.031084656084656083
0 0.6185515873015873 0.2800925925925926 0.018105158730158732 0.050595238095238096
2 0.6617063492063492 0.37433862433862436 0.0339781746031746 0.042328042328042326
0 0.707093253968254 0.35912698412698413 0.040426587301587304 0.022486772486772486
2 0.6316964285714286 0.4751984126984127 0.016865079365079364 0.041005291005291
0 0.6649305555555556 0.5059523809523809 0.029513888888888888 0.04398148148148148
1 0.6954365079365079 0.5300925925925926 0.023561507936507936 0.03505291005291005
0 0.7316468253968254 0.5125661375661376 0.04117063492063492 0.02017195767195767
2 0.5766369047619048 0.49702380952380953 0.031994047619047616 0.04497354497354497
1 0.5297619047619048 0.44047619047619047 0.02554563492063492 0.03042328042328042
0 0.4930555555555556 0.45436507936507936 0.03695436507936508 0.027116402116402115
1 0.46726190476190477 0.4623015873015873 0.021081349206349208 0.03439153439153439
0 0.44345238095238093 0.4305555555555556 0.032242063492063495 0.040674603174603176
0 0.39632936507936506 0.41898148148148145 0.03819444444444445 0.027116402116402115
0 0.33804563492063494 0.40343915343915343 0.030009920634920636 0.03935185185185185
0 0.35714285714285715 0.47023809523809523 0.01711309523809524 0.0496031746031746
1 0.341765873015873 0.5165343915343915 0.026537698412698412 0.020833333333333332
1 0.29910714285714285 0.5324074074074074 0.028273809523809524 0.03009259259259259
2 0.3958333333333333 0.5628306878306878 0.0339781746031746 0.02513227513227513
0 0.4809027777777778 0.5886243386243386 0.029513888888888888 0.0419973544973545
0 0.5391865079365079 0.5916005291005291 0.03670634920634921 0.026455026455026454
0 0.5875496031746031 0.6154100529100529 0.032242063492063495 0.0419973544973545
0 0.6512896825396826 0.6306216931216931 0.03993055555555555 0.02414021164021164
0 0.701140873015873 0.6567460317460317 0.036458333333333336 0.042328042328042326
2 0.5925099206349206 0.7361111111111112 0.023313492063492064 0.05026455026455026
1 0.6396329365079365 0.8005952380952381 0.018601190476190476 0.03406084656084656
0 0.5649801587301587 0.7493386243386243 0.03720238095238095 0.023478835978835978
0 0.5076884920634921 0.7245370370370371 0.030009920634920636 0.04431216931216931
0 0.5230654761904762 0.8101851851851852 0.012896825396825396 0.05423280423280423
2 0.4174107142857143 0.7972883597883598 0.033482142857142856 0.037698412698412696
0 0.42162698412698413 0.7447089947089947 0.015128968253968254 0.0496031746031746
2 0.48561507936507936 0.6924603174603174 0.024057539682539684 0.046957671957671955
2 0.37475198412698413 0.6534391534391535 0.02554563492063492 0.04332010582010582
0 0.3474702380952381 0.6736111111111112 0.031746031746031744 0.023809523809523808
0 0.3864087301587302 0.6097883597883598 0.01488095238095238 0.05026455026455026
3 0.45907738095238093 0.226521164021164 0.034722222222222224 0.04828042328042328
3 0.5627480158730159 0.2466931216931217 0.034722222222222224 0.04828042328042328
3 0.6832837301587301 0.29034391534391535 0.03819444444444445 0.05092592592592592
3 0.3948412698412698 0.3333333333333333 0.033234126984126984 0.05026455026455026
3 0.4759424603174603 0.38591269841269843 0.034722222222222224 0.047619047619047616
3 0.5873015873015873 0.39451058201058203 0.03819444444444445 0.05026455026455026
3 0.7150297619047619 0.4738756613756614 0.03968253968253968 0.05357142857142857
3 0.6346726190476191 0.5548941798941799 0.03968253968253968 0.051587301587301584
3 0.5089285714285714 0.5105820105820106 0.03720238095238095 0.04828042328042328
3 0.42658730158730157 0.5013227513227513 0.033234126984126984 0.046957671957671955
3 0.3115079365079365 0.47023809523809523 0.034722222222222224 0.047619047619047616
3 0.34871031746031744 0.5859788359788359 0.034722222222222224 0.04563492063492063
3 0.4312996031746032 0.6236772486772487 0.03521825396825397 0.046957671957671955
3 0.5577876984126984 0.6527777777777778 0.03720238095238095 0.047619047619047616
3 0.6788194444444444 0.7053571428571429 0.04017857142857143 0.05026455026455026
3 0.5994543650793651 0.8230820105820106 0.03968253968253968 0.05026455026455026
3 0.47544642857142855 0.7741402116402116 0.03521825396825397 0.0496031746031746
3 0.3787202380952381 0.736441798941799 0.033234126984126984 0.04828042328042328
4 0.8777281746031746 0.8052248677248677 0.037698412698412696 0.05291005291005291
