0 0.06324404761904762 0.5304232804232805 0.017857142857142856 0.04662698412698413
0 0.09895833333333333 0.5360449735449735 0.034722222222222224 0.012566137566137565
0 0.07068452380952381 0.6352513227513228 0.016121031746031748 0.04728835978835979
0 0.05654761904761905 0.6742724867724867 0.0339781746031746 0.021825396825396824
0 0.10739087301587301 0.6841931216931217 0.033234126984126984 0.031084656084656083
0 0.11433531746031746 0.7380952380952381 0.03373015873015873 0.035383597883597885
0 0.05282738095238095 0.7377645502645502 0.03298611111111111 0.014219576719576719
0 0.10044642857142858 0.7668650793650794 0.030257936507936508 0.037037037037037035
1 0.12227182539682539 0.7678571428571429 0.027777777777777776 0.034722222222222224
1 0.35168650793650796 0.30456349206349204 0.025793650793650792 0.027447089947089946
0 0.4466765873015873 0.23875661375661375 0.011408730158730158 0.05092592592592592
0 0.4826388888888889 0.30357142857142855 0.036210317460317464 0.028769841269841268
1 0.39360119047619047 0.33134920634920634 0.027777777777777776 0.03273809523809524
0 0.4280753968253968 0.3091931216931217 0.03422619047619048 0.040674603174603176
0 0.5141369047619048 0.3584656084656085 0.011408730158730158 0.05092592592592592
2 0.5701884920634921 0.2681878306878307 0.03571428571428571 0.040013227513227514
1 0.6267361111111112 0.29563492063492064 0.0248015873015873 0.027447089947089946
0 0.6659226190476191 0.26587301587301587 0.03670634920634921 0.046296296296296294
1 0.6346726190476191 0.3898809523809524 0.025049603174603176 0.025793650793650792
0 0.6728670634920635 0.41435185185185186 0.04265873015873016 0.028439153439153438
0 0.7311507936507936 0.4037698412698413 0.04017857142857143 0.04298941798941799
1 0.5746527777777778 0.4470899470899471 0.02628968253968254 0.027447089947089946
2 0.7135416666666666 0.521494708994709 0.03521825396825397 0.028439153439153438
0 0.7574404761904762 0.5512566137566137 0.04117063492063492 0.03835978835978836
2 0.6356646825396826 0.5707671957671958 0.033482142857142856 0.045304232804232805
0 0.6460813492063492 0.6246693121693122 0.012152777777777778 0.05257936507936508
1 0.6569940476190477 0.6716269841269841 0.028025793650793652 0.03273809523809524
0 0.6937003968253969 0.6921296296296297 0.03943452380952381 0.03902116402116402
0 0.5704365079365079 0.7060185185185185 0.03993055555555555 0.03736772486772487
0 0.5297619047619048 0.6339285714285714 0.011656746031746032 0.05324074074074074
0 0.5042162698412699 0.5710978835978836 0.03670634920634921 0.027777777777777776
2 0.5825892857142857 0.53505291005291 0.035962301587301584 0.028769841269841268
1 0.5163690476190477 0.4044312169312169 0.023313492063492064 0.034722222222222224
0 0.5399305555555556 0.421957671957672 0.04092261904761905 0.027447089947089946
2 0.41021825396825395 0.41633597883597884 0.035962301587301584 0.037037037037037035
0 0.38070436507936506 0.44642857142857145 0.034722222222222224 0.040013227513227514
2 0.34970238095238093 0.4675925925925926 0.03794642857142857 0.03802910052910053
0 0.32142857142857145 0.45601851851851855 0.03273809523809524 0.021494708994708994
0 0.4623015873015873 0.5138888888888888 0.009424603174603174 0.04794973544973545
2 0.41369047619047616 0.5995370370370371 0.03869047619047619 0.041666666666666664
0 0.34151785714285715 0.5773809523809523 0.03298611111111111 0.032407407407407406
2 0.3134920634920635 0.6117724867724867 0.031994047619047616 0.045304232804232805
0 0.41517857142857145 0.640542328042328 0.010912698412698412 0.05026455026455026
0 0.38566468253968256 0.7172619047619048 0.0339781746031746 0.040674603174603176
0 0.44568452380952384 0.7132936507936508 0.03844246031746032 0.03736772486772487
2 0.4722222222222222 0.7311507936507936 0.03819444444444445 0.046957671957671955
1 0.4759424603174603 0.8177910052910053 0.026537698412698412 0.036044973544973546
0 0.595734126984127 0.7711640211640212 0.015376984126984126 0.05588624338624339
0 0.90625 0.7966269841269841 0.022321428571428572 0.061507936507936505
1 0.9382440476190477 0.7959656084656085 0.03422619047619048 0.041005291005291
1 0.9441964285714286 0.7628968253968254 0.034970238095238096 0.045304232804232805
0 0.9774305555555556 0.7701719576719577 0.04389880952380952 0.028769841269841268
0 0.8869047619047619 0.669973544973545 0.03720238095238095 0.052248677248677246
0 0.9662698412698413 0.646494708994709 0.050347222222222224 0.027116402116402115
0 0.9484126984126984 0.6590608465608465 0.04861111111111111 0.016203703703703703
0 0.9588293650793651 0.6736111111111112 0.0496031746031746 0.017857142857142856
3 0.3923611111111111 0.2671957671957672 0.033234126984126984 0.046296296296296294
3 0.5260416666666666 0.23346560846560846 0.03819444444444445 0.051587301587301584
3 0.6339285714285714 0.20767195767195767 0.037698412698412696 0.0496031746031746
3 0.7053571428571429 0.3220899470899471 0.04117063492063492 0.051587301587301584
3 0.5622519841269841 0.3521825396825397 0.03968253968253968 0.05092592592592592
3 0.4652777777777778 0.39715608465608465 0.036210317460317464 0.0496031746031746
3 0.36408730158730157 0.390542328042328 0.034722222222222224 0.046296296296296294
3 0.3142361111111111 0.5333994708994709 0.033234126984126984 0.0496031746031746
3 0.40749007936507936 0.49503968253968256 0.03521825396825397 0.04828042328042328
3 0.5235615079365079 0.4808201058201058 0.036210317460317464 0.05092592592592592
3 0.6448412698412699 0.4646164021164021 0.04017857142857143 0.05291005291005291
3 0.777281746031746 0.4738756613756614 0.04117063492063492 0.051587301587301584
3 0.7013888888888888 0.6471560846560847 0.04117063492063492 0.05357142857142857
3 0.5964781746031746 0.6335978835978836 0.03968253968253968 0.05357142857142857
3 0.48834325396825395 0.6355820105820106 0.03521825396825397 0.051587301587301584
3 0.36755952380952384 0.6481481481481481 0.03571428571428571 0.05092592592592592
3 0.4357638888888889 0.7979497354497355 0.036210317460317464 0.05092592592592592
3 0.5535714285714286 0.7867063492063492 0.037698412698412696 0.05291005291005291
