0 0.5483630952380952 0.22883597883597884 0.021081349206349208 0.04927248677248677
1 0.5250496031746031 0.27414021164021163 0.022321428571428572 0.03306878306878307
2 0.4694940476190476 0.27976190476190477 0.03149801587301587 0.042328042328042326
0 0.3576388888888889 0.31646825396825395 0.023313492063492064 0.04298941798941799
0 0.4079861111111111 0.3525132275132275 0.036210317460317464 0.015873015873015872
0 0.36235119047619047 0.3855820105820106 0.022321428571428572 0.04497354497354497
1 0.3392857142857143 0.42493386243386244 0.026041666666666668 0.025793650793650792
1 0.2961309523809524 0.4236111111111111 0.023809523809523808 0.02546296296296296
2 0.37896825396825395 0.4861111111111111 0.03125 0.023478835978835978
0 0.3621031746031746 0.5264550264550265 0.022569444444444444 0.044642857142857144
2 0.34250992063492064 0.560515873015873 0.029265873015873016 0.03968253968253968
0 0.3152281746031746 0.5681216931216931 0.030009920634920636 0.011904761904761904
0 0.4521329365079365 0.5406746031746031 0.020833333333333332 0.041666666666666664
0 0.36830357142857145 0.6593915343915344 0.022321428571428572 0.041666666666666664
2 0.35466269841269843 0.7053571428571429 0.031994047619047616 0.03902116402116402
2 0.43625992063492064 0.6359126984126984 0.029017857142857144 0.0419973544973545
0 0.4496527777777778 0.671957671957672 0.02058531746031746 0.04828042328042328
0 0.49677579365079366 0.7156084656084656 0.03571428571428571 0.014219576719576719
0 0.4466765873015873 0.7529761904761905 0.021081349206349208 0.04563492063492063
2 0.5233134920634921 0.7152777777777778 0.028273809523809524 0.046957671957671955
1 0.5523313492063492 0.7876984126984127 0.022817460317460316 0.037037037037037035
0 0.5972222222222222 0.642526455026455 0.034970238095238096 0.014219576719576719
0 0.6371527777777778 0.6825396825396826 0.02628968253968254 0.04794973544973545
1 0.6584821428571429 0.5667989417989417 0.023561507936507936 0.0333994708994709
0 0.6356646825396826 0.5333994708994709 0.018105158730158732 0.04497354497354497
0 0.6941964285714286 0.5654761904761905 0.03695436507936508 0.011904761904761904
2 0.6125992063492064 0.4937169312169312 0.023065476190476192 0.042328042328042326
0 0.705109126984127 0.4173280423280423 0.03695436507936508 0.013227513227513227
2 0.6594742063492064 0.414021164021164 0.03125 0.03141534391534392
0 0.6408730158730159 0.30952380952380953 0.025793650793650792 0.047619047619047616
0 0.5979662698412699 0.3468915343915344 0.036210317460317464 0.017857142857142856
1 0.5600198412698413 0.3458994708994709 0.022817460317460316 0.02546296296296296
1 0.5267857142857143 0.4252645502645503 0.022817460317460316 0.022156084656084655
0 0.49107142857142855 0.42294973544973546 0.0339781746031746 0.013227513227513227
1 0.4650297619047619 0.4203042328042328 0.016121031746031748 0.026785714285714284
0 0.44990079365079366 0.3812830687830688 0.022569444444444444 0.04398148148148148
2 0.5580357142857143 0.49404761904761907 0.03249007936507937 0.03736772486772487
0 0.5047123015873016 0.5654761904761905 0.03373015873015873 0.011574074074074073
0 0.5438988095238095 0.6038359788359788 0.022569444444444444 0.045965608465608467
3 0.5066964285714286 0.1970899470899471 0.03273809523809524 0.04365079365079365
3 0.4246031746031746 0.2728174603174603 0.03125 0.041666666666666664
3 0.3209325396825397 0.3707010582010582 0.030257936507936508 0.04034391534391534
3 0.4201388888888889 0.44047619047619047 0.02976190476190476 0.03968253968253968
3 0.33134920634920634 0.4887566137566138 0.02976190476190476 0.03968253968253968
3 0.4010416666666667 0.5539021164021164 0.030753968253968252 0.041005291005291
3 0.3308531746031746 0.6355820105820106 0.030753968253968252 0.041005291005291
3 0.4104662698412698 0.7060185185185185 0.03125 0.041666666666666664
3 0.5124007936507936 0.7923280423280423 0.031746031746031744 0.042328042328042326
3 0.6076388888888888 0.718584656084656 0.031746031746031744 0.042328042328042326
3 0.5096726190476191 0.6273148148148148 0.02976190476190476 0.03968253968253968
3 0.5972222222222222 0.5671296296296297 0.032242063492063495 0.04298941798941799
3 0.6872519841269841 0.5228174603174603 0.03521825396825397 0.046957671957671955
3 0.5882936507936508 0.4037698412698413 0.03273809523809524 0.04365079365079365
3 0.49404761904761907 0.48048941798941797 0.03273809523809524 0.04365079365079365
3 0.6979166666666666 0.3425925925925926 0.034722222222222224 0.046296296296296294
3 0.4880952380952381 0.3521825396825397 0.03273809523809524 0.04365079365079365
3 0.5962301587301587 0.25496031746031744 0.033234126984126984 0.04431216931216931
4 0.761656746031746 0.8756613756613757 0.02628968253968254 0.04398148148148148
0 0.7375992063492064 0.9232804232804233 0.037698412698412696 0.028769841269841268
0 0.14856150793650794 0.8597883597883598 0.016617063492063492 0.045304232804232805
2 0.18353174603174602 0.9037698412698413 0.034970238095238096 0.037698412698412696
0 0.11135912698412699 0.7751322751322751 0.01636904761904762 0.04497354497354497
1 0.9201388888888888 0.5228174603174603 0.030009920634920636 0.026785714285714284
0 0.8955853174603174 0.5406746031746031 0.018849206349206348 0.052248677248677246
0 0.8430059523809523 0.4470899470899471 0.019593253968253968 0.052248677248677246
