0 0.845734126984127 0.6213624338624338 0.030753968253968252 0.05026455026455026
0 0.9161706349206349 0.5863095238095238 0.04563492063492063 0.017526455026455025
0 0.9541170634920635 0.5922619047619048 0.03695436507936508 0.04861111111111111
0 0.9005456349206349 0.6018518518518519 0.044642857142857144 0.017195767195767195
0 0.9119543650793651 0.6121031746031746 0.044642857142857144 0.013227513227513227
0 0.9439484126984127 0.6253306878306878 0.04513888888888889 0.013558201058201057
0 0.9565972222222222 0.6491402116402116 0.046378968253968256 0.023809523809523808
0 0.9476686507936508 0.666005291005291 0.04712301587301587 0.021494708994708994
0 0.939484126984127 0.6954365079365079 0.04439484126984127 0.035383597883597885
1 0.9064980158730159 0.6951058201058201 0.030753968253968252 0.03802910052910053
1 0.9025297619047619 0.7265211640211641 0.030009920634920636 0.03373015873015873
0 0.8745039682539683 0.7331349206349206 0.014632936507936508 0.056216931216931214
0 0.11259920634920635 0.6335978835978836 0.033482142857142856 0.017857142857142856
0 0.07886904761904762 0.6355820105820106 0.011408730158730158 0.044642857142857144
0 0.09796626984126984 0.7291666666666666 0.00992063492063492 0.04332010582010582
0 0.08903769841269842 0.7678571428571429 0.031994047619047616 0.02513227513227513
0 0.13764880952380953 0.767526455026455 0.033482142857142856 0.025793650793650792
0 0.14856150793650794 0.8151455026455027 0.031001984126984128 0.027447089947089946
0 0.09275793650793651 0.8270502645502645 0.03125 0.015542328042328041
0 0.1396329365079365 0.843584656084656 0.026041666666666668 0.03736772486772487
1 0.16021825396825398 0.843915343915344 0.02628968253968254 0.031084656084656083
0 0.4037698412698413 0.29662698412698413 0.015625 0.04497354497354497
2 0.5193452380952381 0.3055555555555556 0.036210317460317464 0.03968253968253968
0 0.44419642857142855 0.3525132275132275 0.03422619047619048 0.022486772486772486
0 0.3933531746031746 0.36507936507936506 0.029513888888888888 0.04133597883597884
1 0.32242063492063494 0.37566137566137564 0.026537698412698412 0.021825396825396824
1 0.36334325396825395 0.39384920634920634 0.026537698412698412 0.03207671957671958
0 0.47842261904761907 0.39814814814814814 0.017361111111111112 0.047619047619047616
1 0.5749007936507936 0.3230820105820106 0.025049603174603176 0.028108465608465607
0 0.6083829365079365 0.2863756613756614 0.029513888888888888 0.045965608465608467
1 0.5920138888888888 0.4064153439153439 0.021825396825396824 0.023809523809523808
0 0.6299603174603174 0.4226190476190476 0.037698412698412696 0.02017195767195767
0 0.6808035714285714 0.40244708994708994 0.033482142857142856 0.04332010582010582
1 0.48387896825396826 0.44113756613756616 0.02058531746031746 0.03207671957671958
0 0.5091765873015873 0.45271164021164023 0.03695436507936508 0.01917989417989418
1 0.542906746031746 0.4708994708994709 0.022817460317460316 0.021164021164021163
2 0.6743551587301587 0.5128968253968254 0.031001984126984128 0.022817460317460316
0 0.7175099206349206 0.5340608465608465 0.03993055555555555 0.027447089947089946
2 0.5582837301587301 0.5496031746031746 0.03373015873015873 0.031084656084656083
2 0.6096230158730159 0.5730820105820106 0.030009920634920636 0.04365079365079365
0 0.6240079365079365 0.6193783068783069 0.009176587301587302 0.046296296296296294
1 0.638640873015873 0.6610449735449735 0.026785714285714284 0.03439153439153439
0 0.6736111111111112 0.6742724867724867 0.03819444444444445 0.03042328042328042
0 0.5930059523809523 0.7609126984126984 0.02132936507936508 0.049933862433862435
0 0.5639880952380952 0.7066798941798942 0.03695436507936508 0.028769841269841268
0 0.5205853174603174 0.6484788359788359 0.014384920634920634 0.047619047619047616
0 0.4521329365079365 0.7341269841269841 0.03571428571428571 0.027777777777777776
2 0.47767857142857145 0.7463624338624338 0.03447420634920635 0.04662698412698413
0 0.39632936507936506 0.7486772486772487 0.029017857142857144 0.040013227513227514
0 0.41592261904761907 0.6755952380952381 0.011904761904761904 0.04927248677248677
2 0.41121031746031744 0.6369047619047619 0.03422619047619048 0.0419973544973545
0 0.34250992063492064 0.6286375661375662 0.028769841269841268 0.03439153439153439
2 0.3194444444444444 0.6669973544973545 0.030009920634920636 0.04332010582010582
1 0.4895833333333333 0.8263888888888888 0.0248015873015873 0.03439153439153439
0 0.49107142857142855 0.5958994708994709 0.034970238095238096 0.020833333333333332
0 0.44642857142857145 0.5502645502645502 0.015128968253968254 0.04563492063492063
2 0.3375496031746032 0.5257936507936508 0.03373015873015873 0.03736772486772487
0 0.31225198412698413 0.5231481481481481 0.033234126984126984 0.01917989417989418
0 0.3648313492063492 0.501984126984127 0.029513888888888888 0.041005291005291
2 0.38839285714285715 0.4699074074074074 0.03249007936507937 0.030753968253968252
3 0.3566468253968254 0.3333333333333333 0.03273809523809524 0.046296296296296294
3 0.47693452380952384 0.28075396825396826 0.034722222222222224 0.04828042328042328
3 0.5724206349206349 0.2390873015873016 0.03571428571428571 0.04828042328042328
3 0.6490575396825397 0.33134920634920634 0.037698412698412696 0.05357142857142857
3 0.5215773809523809 0.38492063492063494 0.034722222222222224 0.046296296296296294
3 0.4367559523809524 0.44246031746031744 0.034722222222222224 0.046296296296296294
3 0.3430059523809524 0.453042328042328 0.03422619047619048 0.04431216931216931
3 0.6086309523809523 0.4748677248677249 0.036210317460317464 0.047619047619047616
3 0.7286706349206349 0.45965608465608465 0.037698412698412696 0.0496031746031746
3 0.6760912698412699 0.6296296296296297 0.03869047619047619 0.0496031746031746
3 0.5803571428571429 0.6359126984126984 0.03720238095238095 0.04828042328042328
3 0.48288690476190477 0.656084656084656 0.03571428571428571 0.047619047619047616
3 0.49950396825396826 0.5082671957671958 0.034722222222222224 0.047619047619047616
3 0.3940972222222222 0.5426587301587301 0.031746031746031744 0.046296296296296294
3 0.31225198412698413 0.5945767195767195 0.03125 0.04431216931216931
3 0.3722718253968254 0.6904761904761905 0.033234126984126984 0.046296296296296294
3 0.5565476190476191 0.783068783068783 0.036210317460317464 0.046296296296296294
3 0.45188492063492064 0.8138227513227513 0.034722222222222224 0.047619047619047616
