3 0.4446924603174603 0.6359126984126984 0.03571428571428571 0.047619047619047616
3 0.35540674603174605 0.6177248677248677 0.03273809523809524 0.04365079365079365
3 0.421875 0.22685185185185186 0.03422619047619048 0.04563492063492063
3 0.5280257936507936 0.22354497354497355 0.03670634920634921 0.04894179894179894
3 0.6550099206349206 0.2414021164021164 0.03422619047619048 0.04563492063492063
3 0.37351190476190477 0.35085978835978837 0.036210317460317464 0.04828042328042328
3 0.45982142857142855 0.37962962962962965 0.03422619047619048 0.04563492063492063
3 0.5753968253968254 0.3687169312169312 0.03521825396825397 0.046957671957671955
3 0.3020833333333333 0.5125661375661376 0.03273809523809524 0.04365079365079365
3 0.42584325396825395 0.5102513227513228 0.03521825396825397 0.046957671957671955
3 0.5146329365079365 0.5013227513227513 0.03670634920634921 0.04894179894179894
3 0.6475694444444444 0.5168650793650794 0.03422619047619048 0.04563492063492063
3 0.5811011904761905 0.6319444444444444 0.03521825396825397 0.046957671957671955
3 0.40674603174603174 0.7648809523809523 0.036210317460317464 0.04828042328042328
3 0.5106646825396826 0.7781084656084656 0.03869047619047619 0.051587301587301584
3 0.6468253968253969 0.7926587301587301 0.03670634920634921 0.04894179894179894
3 0.7105654761904762 0.6507936507936508 0.036210317460317464 0.04828042328042328
3 0.7604166666666666 0.5370370370370371 0.03869047619047619 0.051587301587301584
4 0.7115575396825397 0.37962962962962965 0.030753968253968252 0.041005291005291
0 0.5657242063492064 0.29927248677248675 0.03670634920634921 0.03571428571428571
1 0.5260416666666666 0.330026455026455 0.026041666666666668 0.03571428571428571
2 0.47197420634920634 0.27645502645502645 0.03125 0.046296296296296294
2 0.41121031746031744 0.3230820105820106 0.03670634920634921 0.040674603174603176
0 0.589781746031746 0.24404761904761904 0.01066468253968254 0.05291005291005291
2 0.6463293650793651 0.330026455026455 0.03125 0.027116402116402115
1 0.6443452380952381 0.4305555555555556 0.025049603174603176 0.03571428571428571
1 0.5220734126984127 0.42427248677248675 0.024305555555555556 0.031746031746031744
2 0.5744047619047619 0.4751984126984127 0.03422619047619048 0.03902116402116402
0 0.45163690476190477 0.7738095238095238 0.011656746031746032 0.0496031746031746
2 0.4461805555555556 0.8151455026455027 0.03670634920634921 0.03802910052910053
0 0.5639880952380952 0.8125 0.008680555555555556 0.05555555555555555
0 0.5491071428571429 0.5793650793650794 0.034970238095238096 0.034722222222222224
2 0.5657242063492064 0.7556216931216931 0.029265873015873016 0.050595238095238096
0 0.3695436507936508 0.7066798941798942 0.03422619047619048 0.03736772486772487
1 0.40153769841269843 0.6884920634920635 0.016121031746031748 0.030753968253968252
0 0.5121527777777778 0.6550925925925926 0.009424603174603174 0.051587301587301584
0 0.5310019841269841 0.7123015873015873 0.035962301587301584 0.03968253968253968
2 0.6284722222222222 0.707010582010582 0.03298611111111111 0.052248677248677246
2 0.6884920634920635 0.753968253968254 0.03249007936507937 0.050595238095238096
0 0.4000496031746032 0.6326058201058201 0.010416666666666666 0.04828042328042328
0 0.4806547619047619 0.5730820105820106 0.036210317460317464 0.03406084656084656
0 0.46552579365079366 0.5059523809523809 0.008680555555555556 0.050595238095238096
0 0.4880952380952381 0.4480820105820106 0.034970238095238096 0.04133597883597884
1 0.4623015873015873 0.4599867724867725 0.02058531746031746 0.03306878306878307
0 0.4320436507936508 0.43816137566137564 0.037450396825396824 0.026785714285714284
0 0.3794642857142857 0.439484126984127 0.03546626984126984 0.03406084656084656
0 0.32316468253968256 0.43716931216931215 0.032242063492063495 0.03571428571428571
0 0.35119047619047616 0.4973544973544973 0.01240079365079365 0.04828042328042328
2 0.34871031746031744 0.5436507936507936 0.036210317460317464 0.0333994708994709
1 0.39880952380952384 0.5892857142857143 0.028025793650793652 0.034722222222222224
0 0.6059027777777778 0.5843253968253969 0.034722222222222224 0.03670634920634921
0 0.6842757936507936 0.58994708994709 0.036210317460317464 0.03902116402116402
0 0.7234623015873016 0.5909391534391535 0.03993055555555555 0.0333994708994709
1 0.7100694444444444 0.47354497354497355 0.026785714285714284 0.0291005291005291
1 0.7586805555555556 0.43882275132275134 0.023065476190476192 0.03571428571428571
0 0.1949404761904762 0.0667989417989418 0.02976190476190476 0.04728835978835979
0 0.19345238095238096 0.09126984126984126 0.026785714285714284 0.04497354497354497
0 0.9161706349206349 0.7728174603174603 0.03546626984126984 0.049933862433862435
0 0.9553571428571429 0.7592592592592593 0.04439484126984127 0.01917989417989418
0 0.8583829365079365 0.8931878306878307 0.03670634920634921 0.04794973544973545
0 0.8673115079365079 0.9054232804232805 0.034970238095238096 0.04894179894179894
0 0.9580853174603174 0.8792989417989417 0.031746031746031744 0.04398148148148148
0 0.8286210317460317 0.24404761904761904 0.017609126984126984 0.05291005291005291
0 0.8576388888888888 0.23346560846560846 0.0441468253968254 0.027447089947089946
0 0.9136904761904762 0.2976190476190476 0.03546626984126984 0.04894179894179894
0 0.8591269841269841 0.18485449735449735 0.023561507936507936 0.05555555555555555
0 0.8588789682539683 0.15608465608465608 0.03794642857142857 0.04497354497354497
0 0.8735119047619048 0.18353174603174602 0.023561507936507936 0.051587301587301584
0 0.8993055555555556 0.08167989417989419 0.04290674603174603 0.03571428571428571
0 0.8874007936507936 0.12367724867724868 0.01066468253968254 0.05489417989417989
0 0.9005456349206349 0.15707671957671956 0.03695436507936508 0.04728835978835979
0 0.9389880952380952 0.09887566137566138 0.03720238095238095 0.051587301587301584
0 0.9295634920634921 0.265542328042328 0.03249007936507937 0.03802910052910053
0 0.9144345238095238 0.2414021164021164 0.031746031746031744 0.04133597883597884
0 0.9211309523809523 0.16203703703703703 0.029265873015873016 0.0539021164021164
0 0.9365079365079365 0.21197089947089948 0.02132936507936508 0.0539021164021164
0 0.9255952380952381 0.18386243386243387 0.033234126984126984 0.0539021164021164
0 0.8499503968253969 0.9308862433862434 0.042162698412698416 0.030753968253968252
0 0.8936011904761905 0.9269179894179894 0.03050595238095238 0.05092592592592592
0 0.9055059523809523 0.8723544973544973 0.040426587301587304 0.05125661375661376
