1 0.4506448412698413 0.2218915343915344 0.016617063492063492 0.03406084656084656
2 0.4898313492063492 0.28075396825396826 0.021825396825396824 0.04861111111111111
0 0.5186011904761905 0.2691798941798942 0.035962301587301584 0.022486772486772486
0 0.564484126984127 0.20866402116402116 0.014632936507936508 0.05092592592592592
2 0.6741071428571429 0.21693121693121692 0.033234126984126984 0.03869047619047619
0 0.574156746031746 0.2923280423280423 0.02628968253968254 0.04497354497354497
2 0.5930059523809523 0.3237433862433862 0.02132936507936508 0.046296296296296294
0 0.6681547619047619 0.271494708994709 0.015873015873015872 0.0496031746031746
2 0.7142857142857143 0.36607142857142855 0.023561507936507936 0.047619047619047616
0 0.6996527777777778 0.4117063492063492 0.01711309523809524 0.051587301587301584
0 0.746031746031746 0.3482142857142857 0.04017857142857143 0.026785714285714284
2 0.6865079365079365 0.4623015873015873 0.03249007936507937 0.026785714285714284
1 0.748015873015873 0.5168650793650794 0.025049603174603176 0.021494708994708994
1 0.800843253968254 0.5042989417989417 0.029513888888888888 0.03306878306878307
0 0.7284226190476191 0.5671296296296297 0.01984126984126984 0.05125661375661376
0 0.6810515873015873 0.6170634920634921 0.040426587301587304 0.022156084656084655
0 0.7472718253968254 0.6438492063492064 0.033234126984126984 0.04497354497354497
0 0.6257440476190477 0.5968915343915344 0.03050595238095238 0.044642857142857144
1 0.6021825396825397 0.5615079365079365 0.018601190476190476 0.03207671957671958
0 0.5736607142857143 0.5661375661375662 0.03720238095238095 0.022817460317460316
1 0.5347222222222222 0.5740740740740741 0.025049603174603176 0.027116402116402115
2 0.6197916666666666 0.7152777777777778 0.027529761904761904 0.04861111111111111
1 0.5634920634920635 0.7341269841269841 0.02628968253968254 0.03571428571428571
0 0.546875 0.7840608465608465 0.014632936507936508 0.05257936507936508
0 0.4412202380952381 0.718915343915344 0.018601190476190476 0.05026455026455026
0 0.4771825396825397 0.6726190476190477 0.036210317460317464 0.0248015873015873
1 0.5141369047619048 0.6633597883597884 0.025049603174603176 0.031746031746031744
0 0.3663194444444444 0.6286375661375662 0.03571428571428571 0.01521164021164021
2 0.4055059523809524 0.6216931216931217 0.03571428571428571 0.037037037037037035
2 0.4375 0.5291005291005291 0.020833333333333332 0.03968253968253968
2 0.4905753968253968 0.5132275132275133 0.03298611111111111 0.041005291005291
0 0.4124503968253968 0.49636243386243384 0.024305555555555556 0.04265873015873016
1 0.38566468253968256 0.4708994708994709 0.023561507936507936 0.03207671957671958
0 0.3551587301587302 0.4834656084656085 0.036210317460317464 0.01488095238095238
0 0.5949900793650794 0.43022486772486773 0.029513888888888888 0.04365079365079365
0 0.5344742063492064 0.42294973544973546 0.03695436507936508 0.023478835978835978
0 0.48908730158730157 0.39814814814814814 0.028769841269841268 0.041666666666666664
0 0.4322916666666667 0.37962962962962965 0.03571428571428571 0.022486772486772486
0 0.38913690476190477 0.3541666666666667 0.030257936507936508 0.03869047619047619
0 0.3288690476190476 0.07572751322751323 0.031746031746031744 0.03835978835978836
2 0.29290674603174605 0.08895502645502645 0.03273809523809524 0.051587301587301584
4 0.2517361111111111 0.22420634920634921 0.03521825396825397 0.037037037037037035
1 0.17683531746031747 0.5833333333333334 0.028025793650793652 0.028439153439153438
1 0.18452380952380953 0.6087962962962963 0.020833333333333332 0.0291005291005291
2 0.16170634920634921 0.718915343915344 0.03149801587301587 0.04298941798941799
0 0.9295634920634921 0.04828042328042328 0.038938492063492064 0.04861111111111111
3 0.4898313492063492 0.19940476190476192 0.03273809523809524 0.04365079365079365
3 0.4114583333333333 0.310515873015873 0.032242063492063495 0.04298941798941799
3 0.519593253968254 0.36144179894179895 0.03373015873015873 0.04497354497354497
3 0.4427083333333333 0.4523809523809524 0.03125 0.041666666666666664
3 0.36532738095238093 0.5211640211640212 0.03273809523809524 0.04365079365079365
3 0.47693452380952384 0.611441798941799 0.03422619047619048 0.04563492063492063
3 0.5612599206349206 0.5059523809523809 0.03521825396825397 0.046957671957671955
3 0.6512896825396826 0.3958333333333333 0.03720238095238095 0.0496031746031746
3 0.6121031746031746 0.24272486772486773 0.036210317460317464 0.04828042328042328
3 0.7150297619047619 0.27843915343915343 0.03720238095238095 0.0496031746031746
3 0.7440476190476191 0.44113756613756616 0.03819444444444445 0.05092592592592592
3 0.6488095238095238 0.5261243386243386 0.03571428571428571 0.047619047619047616
3 0.7834821428571429 0.5720899470899471 0.03670634920634921 0.04894179894179894
3 0.5890376984126984 0.6408730158730159 0.03670634920634921 0.04894179894179894
3 0.6768353174603174 0.7086640211640212 0.03720238095238095 0.0496031746031746
3 0.4935515873015873 0.7665343915343915 0.033234126984126984 0.04431216931216931
3 0.38268849206349204 0.6984126984126984 0.031746031746031744 0.042328042328042326
3 0.5984623015873016 0.8095238095238095 0.03571428571428571 0.047619047619047616
