2 0.4263392857142857 0.20965608465608465 0.03521825396825397 0.04298941798941799
0 0.4523809523809524 0.24702380952380953 0.024057539682539684 0.04563492063492063
0 0.542906746031746 0.22023809523809523 0.0220734126984127 0.05092592592592592
2 0.5337301587301587 0.25992063492063494 0.03050595238095238 0.04927248677248677
0 0.5498511904761905 0.30224867724867727 0.028769841269841268 0.045304232804232805
1 0.6622023809523809 0.2622354497354497 0.02132936507936508 0.037037037037037035
1 0.6371527777777778 0.32242063492063494 0.027777777777777776 0.03869047619047619
2 0.5689484126984127 0.3455687830687831 0.03050595238095238 0.04662698412698413
0 0.6537698412698413 0.3707010582010582 0.030257936507936508 0.04927248677248677
0 0.7080853174603174 0.3998015873015873 0.03869047619047619 0.011904761904761904
0 0.652281746031746 0.44841269841269843 0.026785714285714284 0.050595238095238096
0 0.6066468253968254 0.4904100529100529 0.03794642857142857 0.011904761904761904
1 0.5714285714285714 0.49074074074074076 0.02554563492063492 0.030753968253968252
0 0.5570436507936508 0.5221560846560847 0.022569444444444444 0.04861111111111111
1 0.5362103174603174 0.566468253968254 0.02058531746031746 0.03207671957671958
2 0.6708829365079365 0.5707671957671958 0.02628968253968254 0.04431216931216931
1 0.6448412698412699 0.6431878306878307 0.01711309523809524 0.02976190476190476
0 0.6646825396825397 0.6944444444444444 0.030257936507936508 0.047619047619047616
0 0.5595238095238095 0.7638888888888888 0.028769841269841268 0.05092592592592592
0 0.5553075396825397 0.6934523809523809 0.02132936507936508 0.05092592592592592
1 0.5744047619047619 0.6468253968253969 0.018105158730158732 0.03406084656084656
2 0.47371031746031744 0.5720899470899471 0.02058531746031746 0.04133597883597884
2 0.4466765873015873 0.6375661375661376 0.034722222222222224 0.04133597883597884
2 0.4774305555555556 0.7341269841269841 0.022569444444444444 0.04728835978835979
0 0.45634920634920634 0.7827380952380952 0.028273809523809524 0.04861111111111111
0 0.41121031746031744 0.6451719576719577 0.03521825396825397 0.018187830687830687
1 0.37896825396825395 0.656084656084656 0.025049603174603176 0.03439153439153439
0 0.36507936507936506 0.6974206349206349 0.02703373015873016 0.04861111111111111
0 0.3152281746031746 0.5750661375661376 0.03720238095238095 0.015542328042328041
0 0.35813492063492064 0.5476190476190477 0.024553571428571428 0.04728835978835979
0 0.40649801587301587 0.5006613756613757 0.03695436507936508 0.010912698412698412
0 0.451140873015873 0.4695767195767196 0.02058531746031746 0.04794973544973545
0 0.49429563492063494 0.41534391534391535 0.03521825396825397 0.010912698412698412
2 0.4337797619047619 0.3492063492063492 0.031746031746031744 0.04794973544973545
0 0.40500992063492064 0.3478835978835979 0.03670634920634921 0.013558201058201057
0 0.35267857142857145 0.3072089947089947 0.029017857142857144 0.04398148148148148
0 0.35466269841269843 0.3888888888888889 0.026041666666666668 0.04662698412698413
2 0.3410218253968254 0.42493386243386244 0.033482142857142856 0.04431216931216931
1 0.2829861111111111 0.42592592592592593 0.02554563492063492 0.03373015873015873
1 0.9184027777777778 0.7503306878306878 0.032242063492063495 0.03968253968253968
2 0.9315476190476191 0.7374338624338624 0.035962301587301584 0.04828042328042328
0 0.9461805555555556 0.7771164021164021 0.040674603174603176 0.03406084656084656
0 0.9558531746031746 0.771494708994709 0.04117063492063492 0.03406084656084656
1 0.9184027777777778 0.8048941798941799 0.023809523809523808 0.036375661375661374
0 0.8836805555555556 0.8525132275132276 0.033482142857142856 0.047619047619047616
0 0.8717757936507936 0.8296957671957672 0.034722222222222224 0.044642857142857144
0 0.3757440476190476 0.9203042328042328 0.03298611111111111 0.04497354497354497
0 0.2958829365079365 0.9282407407407407 0.037698412698412696 0.028108465608465607
0 0.13095238095238096 0.5796957671957672 0.013888888888888888 0.046296296296296294
1 0.11383928571428571 0.5873015873015873 0.0220734126984127 0.03009259259259259
0 0.11160714285714286 0.6130952380952381 0.035962301587301584 0.03439153439153439
1 0.06969246031746032 0.5324074074074074 0.02976190476190476 0.02513227513227513
0 0.11879960317460317 0.45701058201058203 0.015128968253968254 0.045965608465608467
3 0.48735119047619047 0.20767195767195767 0.03521825396825397 0.046957671957671955
3 0.5935019841269841 0.2781084656084656 0.03819444444444445 0.05026455026455026
3 0.4010416666666667 0.28406084656084657 0.033234126984126984 0.0496031746031746
3 0.5106646825396826 0.3396164021164021 0.036210317460317464 0.047619047619047616
3 0.6904761904761905 0.32142857142857145 0.03869047619047619 0.05026455026455026
3 0.5811011904761905 0.42162698412698413 0.036210317460317464 0.046957671957671955
3 0.7028769841269841 0.5119047619047619 0.03968253968253968 0.0496031746031746
3 0.6091269841269841 0.5539021164021164 0.03571428571428571 0.04828042328042328
3 0.7115575396825397 0.6570767195767195 0.037698412698412696 0.05092592592592592
3 0.5215773809523809 0.6534391534391535 0.036210317460317464 0.04828042328042328
3 0.6197916666666666 0.7380952380952381 0.03869047619047619 0.05092592592592592
3 0.5089285714285714 0.8141534391534392 0.036210317460317464 0.0496031746031746
3 0.39533730158730157 0.7109788359788359 0.036210317460317464 0.051587301587301584
3 0.40625 0.583994708994709 0.036210317460317464 0.05026455026455026
3 0.3055555555555556 0.5248015873015873 0.034722222222222224 0.046957671957671955
3 0.40749007936507936 0.44576719576719576 0.03571428571428571 0.047619047619047616
3 0.515625 0.4976851851851852 0.034722222222222224 0.0496031746031746
3 0.29836309523809523 0.3740079365079365 0.036210317460317464 0.0496031746031746
