2 0.4642857142857143 0.17195767195767195 0.04017857142857143 0.04497354497354497
0 0.4898313492063492 0.2175925925925926 0.0220734126984127 0.05291005291005291
0 0.5947420634920635 0.19576719576719576 0.025793650793650792 0.05654761904761905
2 0.580109126984127 0.24107142857142858 0.03149801587301587 0.056878306878306875
0 0.37450396825396826 0.27546296296296297 0.029017857142857144 0.05026455026455026
0 0.4303075396825397 0.32837301587301587 0.03968253968253968 0.017857142857142856
2 0.4625496031746032 0.33134920634920634 0.03422619047619048 0.052248677248677246
0 0.3725198412698413 0.36772486772486773 0.029265873015873016 0.05092592592592592
2 0.3556547619047619 0.4064153439153439 0.03546626984126984 0.0496031746031746
1 0.2924107142857143 0.4007936507936508 0.026537698412698412 0.03670634920634921
0 0.3685515873015873 0.5436507936507936 0.029265873015873016 0.049933862433862435
0 0.32043650793650796 0.5691137566137566 0.040674603174603176 0.012566137566137565
0 0.42485119047619047 0.4973544973544973 0.04092261904761905 0.01521164021164021
1 0.38591269841269843 0.6673280423280423 0.025049603174603176 0.03869047619047619
0 0.36755952380952384 0.7109788359788359 0.03050595238095238 0.04828042328042328
0 0.4211309523809524 0.6590608465608465 0.03844246031746032 0.022156084656084655
2 0.4603174603174603 0.6567460317460317 0.03720238095238095 0.04861111111111111
2 0.4930555555555556 0.5869708994708994 0.021577380952380952 0.046957671957671955
1 0.5649801587301587 0.5896164021164021 0.024553571428571428 0.03505291005291005
2 0.4898313492063492 0.7681878306878307 0.027529761904761904 0.0582010582010582
0 0.4623015873015873 0.8181216931216931 0.030753968253968252 0.04728835978835979
0 0.5793650793650794 0.7321428571428571 0.02628968253968254 0.05489417989417989
0 0.5793650793650794 0.808531746031746 0.02976190476190476 0.05787037037037037
0 0.7023809523809523 0.7470238095238095 0.03249007936507937 0.055224867724867725
1 0.6026785714285714 0.6828703703703703 0.0220734126984127 0.03835978835978836
1 0.6837797619047619 0.6881613756613757 0.017361111111111112 0.037698412698412696
2 0.7177579365079365 0.609457671957672 0.028273809523809524 0.04927248677248677
0 0.5900297619047619 0.5406746031746031 0.027529761904761904 0.05257936507936508
1 0.6088789682539683 0.5076058201058201 0.030257936507936508 0.036044973544973546
0 0.6502976190476191 0.5092592592592593 0.04365079365079365 0.012235449735449735
0 0.47470238095238093 0.46825396825396826 0.025297619047619048 0.051587301587301584
0 0.5265376984126984 0.41203703703703703 0.040674603174603176 0.01521164021164021
0 0.7043650793650794 0.4689153439153439 0.03249007936507937 0.05423280423280423
0 0.7723214285714286 0.41865079365079366 0.0441468253968254 0.01488095238095238
0 0.7123015873015873 0.37962962962962965 0.03422619047619048 0.06183862433862434
0 0.5969742063492064 0.2916666666666667 0.03050595238095238 0.052248677248677246
1 0.6956845238095238 0.32142857142857145 0.03273809523809524 0.041666666666666664
1 0.7281746031746031 0.25727513227513227 0.027529761904761904 0.041005291005291
2 0.6163194444444444 0.33994708994708994 0.034722222222222224 0.05191798941798942
2 0.0882936507936508 0.4642857142857143 0.03571428571428571 0.03968253968253968
0 0.12177579365079365 0.5515873015873016 0.015873015873015872 0.050595238095238096
4 0.1341765873015873 0.6091269841269841 0.04439484126984127 0.031084656084656083
0 0.11458333333333333 0.41633597883597884 0.016865079365079364 0.05092592592592592
3 0.5302579365079365 0.1736111111111111 0.042162698412698416 0.056216931216931214
3 0.6480654761904762 0.2665343915343915 0.03968253968253968 0.05291005291005291
3 0.43005952380952384 0.251984126984127 0.03819444444444445 0.05092592592592592
3 0.5496031746031746 0.32837301587301587 0.03869047619047619 0.051587301587301584
3 0.3125 0.3435846560846561 0.03720238095238095 0.0496031746031746
3 0.42683531746031744 0.43716931216931215 0.03819444444444445 0.05092592592592592
3 0.3125 0.5109126984126984 0.036210317460317464 0.04828042328042328
3 0.419890873015873 0.5896164021164021 0.03819444444444445 0.05092592592592592
3 0.5453869047619048 0.5056216931216931 0.03869047619047619 0.051587301587301584
3 0.5416666666666666 0.6828703703703703 0.039186507936507936 0.052248677248677246
3 0.40054563492063494 0.7291666666666666 0.03968253968253968 0.05291005291005291
3 0.5190972222222222 0.8538359788359788 0.040674603174603176 0.05423280423280423
3 0.6475694444444444 0.7886904761904762 0.04017857142857143 0.05357142857142857
3 0.7584325396825397 0.7109788359788359 0.04017857142857143 0.05357142857142857
3 0.6495535714285714 0.5826719576719577 0.03968253968253968 0.05291005291005291
3 0.7564484126984127 0.544973544973545 0.04513888888888889 0.06018518518518518
3 0.6242559523809523 0.43022486772486773 0.042162698412698416 0.056216931216931214
3 0.7559523809523809 0.3253968253968254 0.042162698412698416 0.056216931216931214
