0 0.11681547619047619 0.0539021164021164 0.029265873015873016 0.04332010582010582
0 0.11557539682539683 0.07837301587301587 0.029265873015873016 0.04563492063492063
2 0.38764880952380953 0.2681878306878307 0.03125 0.04497354497354497
2 0.3273809523809524 0.3125 0.036458333333333336 0.03968253968253968
1 0.4402281746031746 0.32341269841269843 0.026537698412698412 0.035383597883597885
0 0.5032242063492064 0.24173280423280424 0.010912698412698412 0.0496031746031746
0 0.4791666666666667 0.29464285714285715 0.03546626984126984 0.03306878306878307
2 0.5545634920634921 0.32605820105820105 0.029513888888888888 0.025793650793650792
0 0.7961309523809523 0.09523809523809523 0.042162698412698416 0.03207671957671958
0 0.832093253968254 0.11243386243386243 0.03422619047619048 0.04927248677248677
0 0.7844742063492064 0.13624338624338625 0.010912698412698412 0.05324074074074074
0 0.7576884920634921 0.1650132275132275 0.034970238095238096 0.04298941798941799
0 0.7579365079365079 0.19212962962962962 0.023561507936507936 0.0539021164021164
0 0.7698412698412699 0.19146825396825398 0.024057539682539684 0.05324074074074074
0 0.7956349206349206 0.16765873015873015 0.03695436507936508 0.04398148148148148
0 0.8159722222222222 0.17328042328042328 0.029017857142857144 0.05092592592592592
0 0.8191964285714286 0.19246031746031747 0.03249007936507937 0.04927248677248677
0 0.8291170634920635 0.2208994708994709 0.023809523809523808 0.05257936507936508
0 0.7562003968253969 0.2390873015873016 0.041914682539682536 0.0248015873015873
0 0.7276785714285714 0.2490079365079365 0.01636904761904762 0.052248677248677246
1 0.8070436507936508 0.24702380952380953 0.026537698412698412 0.036044973544973546
0 0.8058035714285714 0.3019179894179894 0.032242063492063495 0.04927248677248677
0 0.8018353174603174 0.7486772486772487 0.03298611111111111 0.045965608465608467
0 0.8377976190476191 0.736441798941799 0.04141865079365079 0.018187830687830687
1 0.8196924603174603 0.7576058201058201 0.024305555555555556 0.03439153439153439
0 0.7457837301587301 0.8621031746031746 0.033482142857142856 0.04563492063492063
0 0.7388392857142857 0.8968253968253969 0.03720238095238095 0.027447089947089946
0 0.7547123015873016 0.8723544973544973 0.03422619047619048 0.04662698412698413
1 0.7666170634920635 0.8842592592592593 0.028769841269841268 0.03835978835978836
1 0.8162202380952381 0.853505291005291 0.029265873015873016 0.036375661375661374
1 0.8380456349206349 0.8492063492063492 0.028521825396825396 0.03869047619047619
1 0.8214285714285714 0.2718253968253968 0.029265873015873016 0.036375661375661374
1 0.6589781746031746 0.43253968253968256 0.020833333333333332 0.032407407407407406
1 0.6125992063492064 0.4662698412698413 0.025793650793650792 0.026124338624338623
1 0.5525793650793651 0.42228835978835977 0.023065476190476192 0.031084656084656083
2 0.48586309523809523 0.4656084656084656 0.0339781746031746 0.037698412698412696
1 0.43700396825396826 0.41435185185185186 0.02628968253968254 0.03207671957671958
0 0.40327380952380953 0.4375 0.03521825396825397 0.036044973544973546
1 0.37797619047619047 0.44907407407407407 0.022569444444444444 0.034722222222222224
0 0.3802083333333333 0.49503968253968256 0.00818452380952381 0.04894179894179894
0 0.3482142857142857 0.42658730158730157 0.03695436507936508 0.028108465608465607
0 0.29563492063492064 0.42757936507936506 0.03571428571428571 0.03141534391534392
0 0.24057539682539683 0.4236111111111111 0.0339781746031746 0.03571428571428571
0 0.267609126984127 0.48313492063492064 0.01240079365079365 0.04828042328042328
2 0.2646329365079365 0.5267857142857143 0.03571428571428571 0.03207671957671958
1 0.31374007936507936 0.5734126984126984 0.027281746031746032 0.03141534391534392
0 0.39533730158730157 0.5588624338624338 0.03521825396825397 0.03273809523809524
0 0.31547619047619047 0.6167328042328042 0.011656746031746032 0.0496031746031746
1 0.3159722222222222 0.6703042328042328 0.016865079365079364 0.031084656084656083
0 0.28447420634920634 0.6865079365079365 0.03546626984126984 0.034722222222222224
0 0.4246031746031746 0.638558201058201 0.010168650793650794 0.0496031746031746
0 0.4417162698412698 0.6924603174603174 0.03422619047619048 0.03802910052910053
0 0.3648313492063492 0.7513227513227513 0.012896825396825396 0.05026455026455026
2 0.35962301587301587 0.7906746031746031 0.036210317460317464 0.0333994708994709
2 0.47346230158730157 0.7331349206349206 0.027529761904761904 0.047619047619047616
0 0.47098214285714285 0.7863756613756614 0.00818452380952381 0.050595238095238096
2 0.5339781746031746 0.6861772486772487 0.031001984126984128 0.04828042328042328
2 0.5892857142857143 0.7294973544973545 0.03149801587301587 0.04861111111111111
3 0.3400297619047619 0.21924603174603174 0.03422619047619048 0.04563492063492063
3 0.4446924603174603 0.21924603174603174 0.03422619047619048 0.046957671957671955
3 0.564484126984127 0.2400793650793651 0.03521825396825397 0.04828042328042328
3 0.29092261904761907 0.3419312169312169 0.03521825396825397 0.046957671957671955
3 0.3784722222222222 0.37103174603174605 0.03521825396825397 0.046957671957671955
3 0.49007936507936506 0.36144179894179895 0.036210317460317464 0.05291005291005291
4 0.6170634920634921 0.37632275132275134 0.022321428571428572 0.03373015873015873
3 0.22098214285714285 0.49834656084656087 0.03422619047619048 0.0496031746031746
3 0.34399801587301587 0.49702380952380953 0.03422619047619048 0.04563492063492063
3 0.42782738095238093 0.48908730158730157 0.03422619047619048 0.046957671957671955
3 0.5558035714285714 0.5046296296296297 0.03720238095238095 0.0496031746031746
3 0.6599702380952381 0.52744708994709 0.03819444444444445 0.04828042328042328
3 0.2720734126984127 0.6001984126984127 0.036210317460317464 0.0496031746031746
3 0.36160714285714285 0.6197089947089947 0.036210317460317464 0.04563492063492063
3 0.4915674603174603 0.6150793650793651 0.03521825396825397 0.04828042328042328
3 0.6125992063492064 0.6345899470899471 0.03521825396825397 0.04828042328042328
3 0.3211805555555556 0.7440476190476191 0.036210317460317464 0.04828042328042328
3 0.4243551587301587 0.7559523809523809 0.03422619047619048 0.04828042328042328
3 0.550843253968254 0.7688492063492064 0.03819444444444445 0.05092592592592592
