3 0.3263888888888889 0.5013227513227513 0.03521825396825397 0.046957671957671955
3 0.4476686507936508 0.503968253968254 0.03422619047619048 0.04563492063492063
3 0.39856150793650796 0.34523809523809523 0.03422619047619048 0.04563492063492063
3 0.48462301587301587 0.37863756613756616 0.03521825396825397 0.046957671957671955
3 0.37723214285714285 0.6068121693121693 0.034722222222222224 0.046296296296296294
3 0.46577380952380953 0.6259920634920635 0.03720238095238095 0.0496031746031746
3 0.4253472222222222 0.7556216931216931 0.03373015873015873 0.04497354497354497
3 0.5280257936507936 0.7721560846560847 0.03521825396825397 0.046957671957671955
3 0.6631944444444444 0.7953042328042328 0.03720238095238095 0.0496031746031746
3 0.6001984126984127 0.6319444444444444 0.036210317460317464 0.04828042328042328
3 0.7321428571428571 0.66005291005291 0.036210317460317464 0.04828042328042328
3 0.5342261904761905 0.5006613756613757 0.03373015873015873 0.04497354497354497
3 0.6711309523809523 0.5198412698412699 0.039186507936507936 0.052248677248677246
3 0.7857142857142857 0.5446428571428571 0.036210317460317464 0.04828042328042328
3 0.6014384920634921 0.3687169312169312 0.03819444444444445 0.05092592592592592
3 0.5577876984126984 0.2166005291005291 0.03720238095238095 0.0496031746031746
3 0.4489087301587302 0.21825396825396826 0.03373015873015873 0.04497354497354497
3 0.6862599206349206 0.2390873015873016 0.03819444444444445 0.05092592592592592
0 0.34771825396825395 0.42757936507936506 0.03273809523809524 0.034722222222222224
0 0.37375992063492064 0.4880952380952381 0.011408730158730158 0.04927248677248677
0 0.4020337301587302 0.43253968253968256 0.03373015873015873 0.03141534391534392
2 0.37103174603174605 0.533068783068783 0.0339781746031746 0.028439153439153438
0 0.42038690476190477 0.6246693121693122 0.007936507936507936 0.0496031746031746
0 0.38913690476190477 0.6941137566137566 0.03447420634920635 0.03306878306878307
0 0.4208829365079365 0.6795634920634921 0.016865079365079364 0.03273809523809524
0 0.4694940476190476 0.7625661375661376 0.01240079365079365 0.05125661375661376
2 0.46304563492063494 0.8032407407407407 0.03422619047619048 0.03902116402116402
0 0.5481150793650794 0.708994708994709 0.03447420634920635 0.037698412698412696
2 0.582093253968254 0.7533068783068783 0.02628968253968254 0.04728835978835979
0 0.5297619047619048 0.6517857142857143 0.008432539682539682 0.05125661375661376
0 0.5791170634920635 0.8068783068783069 0.008432539682539682 0.05324074074074074
2 0.6465773809523809 0.7086640211640212 0.030753968253968252 0.051587301587301584
0 0.5004960317460317 0.5701058201058201 0.0339781746031746 0.03373015873015873
1 0.48561507936507936 0.45634920634920634 0.022817460317460316 0.03306878306878307
0 0.4548611111111111 0.4332010582010582 0.03546626984126984 0.027447089947089946
0 0.5104166666666666 0.4437830687830688 0.034970238095238096 0.03670634920634921
0 0.4861111111111111 0.5029761904761905 0.008928571428571428 0.049933862433862435
1 0.41889880952380953 0.5813492063492064 0.026785714285714284 0.03141534391534392
0 0.5694444444444444 0.5783730158730159 0.036458333333333336 0.034722222222222224
0 0.6264880952380952 0.5856481481481481 0.035962301587301584 0.040013227513227514
0 0.7048611111111112 0.5958994708994709 0.03670634920634921 0.03670634920634921
0 0.7450396825396826 0.5985449735449735 0.038938492063492064 0.03406084656084656
2 0.705109126984127 0.7576058201058201 0.03422619047619048 0.04927248677248677
2 0.5969742063492064 0.476521164021164 0.03422619047619048 0.037698412698412696
1 0.5458829365079365 0.421957671957672 0.026041666666666668 0.03273809523809524
1 0.6701388888888888 0.4312169312169312 0.026537698412698412 0.035383597883597885
1 0.7351190476190477 0.4794973544973545 0.028025793650793652 0.027777777777777776
1 0.7862103174603174 0.44576719576719576 0.023561507936507936 0.03273809523809524
2 0.6741071428571429 0.33101851851851855 0.03050595238095238 0.027116402116402115
1 0.5518353174603174 0.32705026455026454 0.026041666666666668 0.036375661375661374
0 0.6190476190476191 0.2414021164021164 0.012152777777777778 0.05092592592592592
0 0.5927579365079365 0.29728835978835977 0.037698412698412696 0.03505291005291005
2 0.4350198412698413 0.31646825396825395 0.03546626984126984 0.041666666666666664
2 0.4975198412698413 0.2705026455026455 0.031001984126984128 0.04728835978835979
4 0.738343253968254 0.3845899470899471 0.031746031746031744 0.042328042328042326
0 0.22470238095238096 0.04894179894179894 0.026785714285714284 0.04265873015873016
0 0.22371031746031747 0.07539682539682539 0.02976190476190476 0.046957671957671955
0 0.8660714285714286 0.24966931216931218 0.018353174603174604 0.05588624338624339
0 0.8973214285714286 0.2404100529100529 0.046378968253968256 0.02513227513227513
0 0.9516369047619048 0.30753968253968256 0.03521825396825397 0.04894179894179894
0 0.8985615079365079 0.18816137566137567 0.02703373015873016 0.05654761904761905
0 0.9000496031746031 0.15873015873015872 0.03993055555555555 0.047619047619047616
0 0.9144345238095238 0.18948412698412698 0.025049603174603176 0.05654761904761905
0 0.9437003968253969 0.1626984126984127 0.04017857142857143 0.046296296296296294
1 0.9536210317460317 0.24966931216931218 0.030257936507936508 0.03968253968253968
1 0.9697420634920635 0.2751322751322751 0.034970238095238096 0.040674603174603176
0 0.9692460317460317 0.18915343915343916 0.034970238095238096 0.054563492063492064
0 0.9796626984126984 0.2199074074074074 0.026041666666666668 0.05787037037037037
0 0.9454365079365079 0.082010582010582 0.04662698412698413 0.03505291005291005
0 0.9315476190476191 0.12698412698412698 0.011904761904761904 0.055224867724867725
0 0.9831349206349206 0.10085978835978836 0.031001984126984128 0.05588624338624339
0 0.8720238095238095 0.9041005291005291 0.038938492063492064 0.04332010582010582
0 0.8616071428571429 0.9388227513227513 0.03993055555555555 0.028439153439153438
0 0.8802083333333334 0.9156746031746031 0.03670634920634921 0.04398148148148148
0 0.9350198412698413 0.7873677248677249 0.03670634920634921 0.046957671957671955
0 0.9759424603174603 0.77744708994709 0.04538690476190476 0.023148148148148147
1 0.9499007936507936 0.8998015873015873 0.031746031746031744 0.036044973544973546
1 0.8931051587301587 0.9289021164021164 0.030753968253968252 0.03902116402116402
1 0.9729662698412699 0.8955026455026455 0.03249007936507937 0.04332010582010582
0 0.9050099206349206 0.9375 0.031994047619047616 0.05092592592592592
