3 0.5270337301587301 0.23842592592592593 0.03571428571428571 0.042328042328042326
3 0.6515376984126984 0.2923280423280423 0.03968253968253968 0.047619047619047616
3 0.7611607142857143 0.33796296296296297 0.037698412698412696 0.047619047619047616
3 0.6899801587301587 0.45436507936507936 0.03869047619047619 0.051587301587301584
3 0.5538194444444444 0.40773809523809523 0.03373015873015873 0.04497354497354497
3 0.44345238095238093 0.34656084656084657 0.03273809523809524 0.042328042328042326
3 0.47023809523809523 0.4947089947089947 0.030753968253968252 0.042328042328042326
3 0.390625 0.5598544973544973 0.03373015873015873 0.047619047619047616
3 0.5014880952380952 0.6633597883597884 0.037698412698412696 0.04497354497354497
3 0.4000496031746032 0.7417328042328042 0.03373015873015873 0.04894179894179894
3 0.591765873015873 0.5598544973544973 0.03571428571428571 0.046296296296296294
3 0.6170634920634921 0.7027116402116402 0.03571428571428571 0.04894179894179894
3 0.6830357142857143 0.5863095238095238 0.037698412698412696 0.051587301587301584
3 0.511656746031746 0.8227513227513228 0.03571428571428571 0.047619047619047616
3 0.6200396825396826 0.8766534391534392 0.03273809523809524 0.047619047619047616
3 0.7023809523809523 0.7797619047619048 0.03968253968253968 0.05423280423280423
3 0.7839781746031746 0.5079365079365079 0.037698412698412696 0.04894179894179894
3 0.8204365079365079 0.6455026455026455 0.03670634920634921 0.04894179894179894
0 0.5672123015873016 0.8465608465608465 0.018105158730158732 0.05588624338624339
2 0.6465773809523809 0.7824074074074074 0.028769841269841268 0.04894179894179894
1 0.5858134920634921 0.7959656084656085 0.028769841269841268 0.037698412698412696
1 0.5379464285714286 0.7202380952380952 0.027777777777777776 0.03373015873015873
0 0.46056547619047616 0.7705026455026455 0.020337301587301588 0.05257936507936508
0 0.4992559523809524 0.7265211640211641 0.03546626984126984 0.023809523809523808
0 0.38566468253968256 0.6709656084656085 0.036458333333333336 0.012896825396825396
2 0.4270833333333333 0.6663359788359788 0.03546626984126984 0.03670634920634921
2 0.4645337301587302 0.5744047619047619 0.02132936507936508 0.040013227513227514
2 0.5188492063492064 0.5618386243386243 0.032242063492063495 0.042328042328042326
1 0.5625 0.6273148148148148 0.02554563492063492 0.027116402116402115
0 0.6036706349206349 0.6240079365079365 0.03794642857142857 0.0205026455026455
0 0.6567460317460317 0.6590608465608465 0.030257936507936508 0.04861111111111111
1 0.6331845238095238 0.6207010582010583 0.018849206349206348 0.032407407407407406
0 0.7800099206349206 0.7175925925925926 0.031994047619047616 0.04828042328042328
0 0.7127976190476191 0.6851851851851852 0.040674603174603176 0.01917989417989418
0 0.7638888888888888 0.6362433862433863 0.02132936507936508 0.056878306878306875
2 0.7256944444444444 0.5254629629629629 0.03298611111111111 0.021164021164021163
1 0.7849702380952381 0.5876322751322751 0.02703373015873016 0.02546296296296296
1 0.8407738095238095 0.5770502645502645 0.030009920634920636 0.028108465608465607
0 0.6302083333333334 0.48412698412698413 0.027529761904761904 0.04497354497354497
0 0.5677083333333334 0.4712301587301587 0.038938492063492064 0.021825396825396824
1 0.41220238095238093 0.5109126984126984 0.025297619047619048 0.035383597883597885
0 0.4384920634920635 0.5376984126984127 0.024553571428571428 0.04298941798941799
0 0.3792162698412698 0.5201719576719577 0.037450396825396824 0.011904761904761904
2 0.5255456349206349 0.32407407407407407 0.020833333333333332 0.046296296296296294
0 0.419890873015873 0.3915343915343915 0.030753968253968252 0.041666666666666664
0 0.46279761904761907 0.41865079365079366 0.03670634920634921 0.0205026455026455
0 0.5208333333333334 0.44246031746031744 0.027281746031746032 0.0419973544973545
2 0.6312003968253969 0.376984126984127 0.023809523809523808 0.046957671957671955
0 0.6128472222222222 0.34093915343915343 0.026537698412698412 0.04332010582010582
0 0.605406746031746 0.25297619047619047 0.018353174603174604 0.050595238095238096
0 0.5553075396825397 0.31216931216931215 0.041914682539682536 0.022486772486772486
1 0.4888392857142857 0.26025132275132273 0.019345238095238096 0.0333994708994709
0 0.7115575396825397 0.3273809523809524 0.020337301587301588 0.05191798941798942
2 0.7199900793650794 0.271494708994709 0.03943452380952381 0.040013227513227514
0 0.7390873015873016 0.47354497354497355 0.020089285714285716 0.05026455026455026
2 0.7566964285714286 0.42757936507936506 0.026785714285714284 0.04794973544973545
0 0.7886904761904762 0.4117063492063492 0.04439484126984127 0.027777777777777776
0 0.30084325396825395 0.19444444444444445 0.03571428571428571 0.040013227513227514
0 0.2611607142857143 0.6653439153439153 0.011656746031746032 0.04927248677248677
0 0.2095734126984127 0.5879629629629629 0.020089285714285716 0.05257936507936508
1 0.19766865079365079 0.6365740740740741 0.020089285714285716 0.032407407407407406
0 0.17584325396825398 0.6997354497354498 0.03273809523809524 0.041666666666666664
0 0.15004960317460317 0.7476851851851852 0.021577380952380952 0.05324074074074074
0 0.19196428571428573 0.7440476190476191 0.018353174603174604 0.049933862433862435
0 0.17609126984126985 0.6812169312169312 0.03422619047619048 0.040013227513227514
0 0.1736111111111111 0.7787698412698413 0.03720238095238095 0.017857142857142856
0 0.3645833333333333 0.0992063492063492 0.035962301587301584 0.03373015873015873
0 0.22743055555555555 0.7099867724867724 0.033234126984126984 0.03571428571428571
0 0.21899801587301587 0.7311507936507936 0.035962301587301584 0.02943121693121693
0 0.17485119047619047 0.6514550264550265 0.02976190476190476 0.04794973544973545
0 0.21651785714285715 0.7080026455026455 0.03298611111111111 0.03571428571428571
1 0.32787698412698413 0.1130952380952381 0.029513888888888888 0.040674603174603176
1 0.2867063492063492 0.18353174603174602 0.025297619047619048 0.035383597883597885
