0 0.18055555555555555 0.05423280423280423 0.029265873015873016 0.04662698412698413
0 0.17906746031746032 0.0796957671957672 0.030009920634920636 0.046296296296296294
0 0.8893849206349206 0.07374338624338625 0.044642857142857144 0.036375661375661374
0 0.9288194444444444 0.09093915343915344 0.03720238095238095 0.052248677248677246
0 0.8777281746031746 0.11706349206349206 0.011656746031746032 0.05720899470899471
0 0.8484623015873016 0.148478835978836 0.03943452380952381 0.046957671957671955
0 0.8487103174603174 0.17691798941798942 0.026041666666666668 0.05720899470899471
0 0.8618551587301587 0.17625661375661375 0.026041666666666668 0.05588624338624339
0 0.8896329365079365 0.1498015873015873 0.03943452380952381 0.04728835978835979
0 0.9107142857142857 0.1550925925925926 0.03273809523809524 0.05588624338624339
0 0.9156746031746031 0.17625661375661375 0.03521825396825397 0.052248677248677246
0 0.9260912698412699 0.20502645502645503 0.026041666666666668 0.05654761904761905
0 0.8469742063492064 0.2275132275132275 0.045882936507936505 0.028439153439153438
0 0.8172123015873016 0.23875661375661375 0.019593253968253968 0.05555555555555555
1 0.9027777777777778 0.23445767195767195 0.031001984126984128 0.03835978835978836
1 0.9181547619047619 0.2595899470899471 0.0339781746031746 0.040674603174603176
0 0.9027777777777778 0.29298941798941797 0.036458333333333336 0.049933862433862435
1 0.7445436507936508 0.43386243386243384 0.023313492063492064 0.03571428571428571
1 0.6951884920634921 0.4689153439153439 0.028769841269841268 0.026785714285714284
1 0.6302083333333334 0.42328042328042326 0.025297619047619048 0.036044973544973546
0 0.7078373015873016 0.5866402116402116 0.039186507936507936 0.03273809523809524
0 0.667906746031746 0.5856481481481481 0.037698412698412696 0.03802910052910053
0 0.9402281746031746 0.7576058201058201 0.04538690476190476 0.021494708994708994
0 0.9017857142857143 0.7701719576719577 0.03695436507936508 0.04894179894179894
1 0.9223710317460317 0.7800925925925926 0.026785714285714284 0.037698412698412696
0 0.8415178571428571 0.8908730158730159 0.037698412698412696 0.04794973544973545
0 0.8514384920634921 0.90244708994709 0.03670634920634921 0.046957671957671955
0 0.8335813492063492 0.9272486772486772 0.04141865079365079 0.02976190476190476
1 0.9184027777777778 0.8835978835978836 0.03249007936507937 0.03802910052910053
1 0.9404761904761905 0.8773148148148148 0.03149801587301587 0.041005291005291
2 0.4565972222222222 0.26686507936507936 0.03149801587301587 0.04794973544973545
0 0.5763888888888888 0.23644179894179895 0.011160714285714286 0.05555555555555555
0 0.5515873015873016 0.291005291005291 0.03670634920634921 0.036044973544973546
2 0.39459325396825395 0.3134920634920635 0.035962301587301584 0.0419973544973545
1 0.5111607142857143 0.3220899470899471 0.02703373015873016 0.036375661375661374
2 0.6319444444444444 0.32275132275132273 0.03050595238095238 0.027116402116402115
1 0.5074404761904762 0.4166666666666667 0.026537698412698412 0.0333994708994709
0 0.4724702380952381 0.44047619047619047 0.03571428571428571 0.03736772486772487
1 0.4466765873015873 0.4523809523809524 0.024553571428571428 0.03505291005291005
0 0.4164186507936508 0.43022486772486773 0.03794642857142857 0.0248015873015873
2 0.5587797619047619 0.46924603174603174 0.034970238095238096 0.03802910052910053
0 0.4496527777777778 0.5009920634920635 0.008928571428571428 0.050595238095238096
0 0.4642857142857143 0.5671296296296297 0.03546626984126984 0.03406084656084656
0 0.5339781746031746 0.5737433862433863 0.036210317460317464 0.034722222222222224
0 0.5905257936507936 0.5787037037037037 0.03422619047619048 0.03670634920634921
0 0.4962797619047619 0.6504629629629629 0.010168650793650794 0.051587301587301584
0 0.5146329365079365 0.7076719576719577 0.035962301587301584 0.040013227513227514
2 0.6121031746031746 0.7017195767195767 0.03149801587301587 0.05357142857142857
2 0.6721230158730159 0.7496693121693122 0.03521825396825397 0.04927248677248677
2 0.5481150793650794 0.7509920634920635 0.028025793650793652 0.049933862433862435
0 0.546875 0.8065476190476191 0.00818452380952381 0.055224867724867725
2 0.43005952380952384 0.8095238095238095 0.036210317460317464 0.03736772486772487
0 0.43427579365079366 0.7681878306878307 0.012152777777777778 0.052248677248677246
1 0.3819444444444444 0.5843253968253969 0.028025793650793652 0.036044973544973546
0 0.3628472222222222 0.4322089947089947 0.036210317460317464 0.03306878306878307
0 0.30679563492063494 0.42857142857142855 0.034970238095238096 0.037037037037037035
0 0.3345734126984127 0.48974867724867727 0.011904761904761904 0.04894179894179894
2 0.3318452380952381 0.5357142857142857 0.03670634920634921 0.034722222222222224
0 0.3836805555555556 0.6276455026455027 0.010416666666666666 0.05026455026455026
1 0.3841765873015873 0.6832010582010583 0.018601190476190476 0.03273809523809524
0 0.35193452380952384 0.7003968253968254 0.036458333333333336 0.037037037037037035
3 0.408234126984127 0.21825396825396826 0.036210317460317464 0.0496031746031746
3 0.5148809523809523 0.21362433862433863 0.03819444444444445 0.04828042328042328
3 0.6418650793650794 0.23214285714285715 0.03819444444444445 0.05291005291005291
3 0.35788690476190477 0.3439153439153439 0.036210317460317464 0.05026455026455026
3 0.4459325396825397 0.37466931216931215 0.03521825396825397 0.05092592592592592
3 0.5622519841269841 0.36177248677248675 0.036210317460317464 0.0496031746031746
4 0.6989087301587301 0.37433862433862436 0.025297619047619048 0.03835978835978836
3 0.2867063492063492 0.5046296296296297 0.03521825396825397 0.0496031746031746
3 0.4117063492063492 0.501984126984127 0.03571428571428571 0.04828042328042328
3 0.4982638888888889 0.49404761904761907 0.03819444444444445 0.05092592592592592
3 0.6326884920634921 0.5105820105820106 0.037698412698412696 0.05092592592592592
3 0.746031746031746 0.5317460317460317 0.040674603174603176 0.05026455026455026
3 0.6964285714285714 0.6491402116402116 0.03968253968253968 0.05291005291005291
3 0.5649801587301587 0.6283068783068783 0.03819444444444445 0.05291005291005291
3 0.4305555555555556 0.6276455026455027 0.03571428571428571 0.0496031746031746
3 0.33903769841269843 0.6104497354497355 0.03571428571428571 0.047619047619047616
3 0.39087301587301587 0.7615740740740741 0.034722222222222224 0.0496031746031746
3 0.49528769841269843 0.7744708994708994 0.03819444444444445 0.05026455026455026
3 0.6314484126984127 0.7893518518518519 0.04017857142857143 0.051587301587301584
