0 0.0726686507936508 0.11044973544973545 0.03869047619047619 0.045304232804232805
0 0.10615079365079365 0.14781746031746032 0.039186507936507936 0.03802910052910053
0 0.029513888888888888 0.21494708994708994 0.037450396825396824 0.045965608465608467
0 0.043154761904761904 0.2953042328042328 0.027281746031746032 0.05092592592592592
0 0.020337301587301588 0.31613756613756616 0.040674603174603176 0.01455026455026455
0 0.023065476190476192 0.3505291005291005 0.0248015873015873 0.05092592592592592
1 0.017361111111111112 0.3872354497354497 0.026785714285714284 0.036044973544973546
1 0.9404761904761905 0.11673280423280423 0.03125 0.03042328042328042
0 0.9732142857142857 0.09986772486772487 0.037698412698412696 0.040013227513227514
0 0.9737103174603174 0.08664021164021164 0.036458333333333336 0.03935185185185185
0 0.9871031746031746 0.026785714285714284 0.017361111111111112 0.05092592592592592
1 0.9789186507936508 0.14484126984126985 0.035962301587301584 0.04034391534391534
0 0.9759424603174603 0.21164021164021163 0.026785714285714284 0.05720899470899471
0 0.5845734126984127 0.1775793650793651 0.02976190476190476 0.0539021164021164
0 0.3663194444444444 0.2744708994708995 0.031746031746031744 0.05092592592592592
1 0.38318452380952384 0.3177910052910053 0.027777777777777776 0.027777777777777776
0 0.4270833333333333 0.31183862433862436 0.04290674603174603 0.01951058201058201
1 0.46304563492063494 0.30522486772486773 0.028521825396825396 0.03968253968253968
2 0.49776785714285715 0.22585978835978837 0.02976190476190476 0.05324074074074074
0 0.5359623015873016 0.2251984126984127 0.040426587301587304 0.016865079365079364
0 0.5865575396825397 0.2605820105820106 0.03149801587301587 0.05092592592592592
0 0.5925099206349206 0.3396164021164021 0.019097222222222224 0.05720899470899471
1 0.5758928571428571 0.3872354497354497 0.029513888888888888 0.037037037037037035
0 0.5885416666666666 0.4236111111111111 0.03546626984126984 0.05026455026455026
0 0.5359623015873016 0.3955026455026455 0.041666666666666664 0.016865079365079364
0 0.48313492063492064 0.42394179894179895 0.02628968253968254 0.05324074074074074
1 0.6118551587301587 0.4742063492063492 0.02976190476190476 0.03968253968253968
1 0.6939484126984127 0.4712301587301587 0.033234126984126984 0.04034391534391534
0 0.7239583333333334 0.5281084656084656 0.03422619047619048 0.05324074074074074
0 0.7733134920634921 0.5608465608465608 0.045882936507936505 0.015542328042328041
2 0.7028769841269841 0.6511243386243386 0.02628968253968254 0.046957671957671955
1 0.6175595238095238 0.6547619047619048 0.02976190476190476 0.036375661375661374
1 0.6195436507936508 0.8257275132275133 0.031001984126984128 0.035383597883597885
1 0.5845734126984127 0.7559523809523809 0.025793650793650792 0.03968253968253968
0 0.7919146825396826 0.9216269841269841 0.047371031746031744 0.02976190476190476
0 0.8464781746031746 0.9632936507936508 0.05009920634920635 0.02976190476190476
0 0.8705357142857143 0.957010582010582 0.03993055555555555 0.04265873015873016
0 0.8015873015873016 0.9556878306878307 0.021825396825396824 0.044642857142857144
2 0.2854662698412698 0.3951719576719577 0.028025793650793652 0.04927248677248677
0 0.31845238095238093 0.3998015873015873 0.041914682539682536 0.013888888888888888
0 0.4181547619047619 0.47619047619047616 0.041914682539682536 0.016203703703703703
0 0.37450396825396826 0.5076058201058201 0.030257936507936508 0.05191798941798942
2 0.34250992063492064 0.5608465608465608 0.04117063492063492 0.041005291005291
0 0.29712301587301587 0.5621693121693122 0.0441468253968254 0.016534391534391533
0 0.48412698412698413 0.6078042328042328 0.030009920634920636 0.05191798941798942
2 0.38764880952380953 0.6494708994708994 0.04092261904761905 0.04794973544973545
2 0.3529265873015873 0.7394179894179894 0.04290674603174603 0.04861111111111111
0 0.48586309523809523 0.72255291005291 0.0339781746031746 0.05257936507936508
0 0.4888392857142857 0.7797619047619048 0.024305555555555556 0.05886243386243386
2 0.5721726190476191 0.5545634920634921 0.03546626984126984 0.050595238095238096
0 0.4833829365079365 0.5254629629629629 0.03149801587301587 0.049933862433862435
3 0.32142857142857145 0.3349867724867725 0.03968253968253968 0.05291005291005291
3 0.43774801587301587 0.24702380952380953 0.03968253968253968 0.05291005291005291
3 0.5310019841269841 0.3402777777777778 0.041666666666666664 0.051587301587301584
3 0.42956349206349204 0.37996031746031744 0.04117063492063492 0.05092592592592592
3 0.6440972222222222 0.37665343915343913 0.04265873015873016 0.05026455026455026
3 0.6594742063492064 0.24305555555555555 0.04265873015873016 0.05291005291005291
3 0.5198412698412699 0.1574074074074074 0.03968253968253968 0.05357142857142857
3 0.7738095238095238 0.30456349206349204 0.043154761904761904 0.05555555555555555
3 0.7864583333333334 0.4666005291005291 0.0441468253968254 0.05489417989417989
3 0.5466269841269841 0.4662698412698413 0.04117063492063492 0.05357142857142857
3 0.31919642857142855 0.4851190476190476 0.041666666666666664 0.05291005291005291
3 0.44320436507936506 0.5757275132275133 0.040674603174603176 0.05423280423280423
3 0.6646825396825397 0.5499338624338624 0.0441468253968254 0.05489417989417989
3 0.7822420634920635 0.6593915343915344 0.04265873015873016 0.057539682539682536
4 0.6659226190476191 0.7549603174603174 0.034722222222222224 0.04365079365079365
3 0.5436507936507936 0.6653439153439153 0.04265873015873016 0.056878306878306875
3 0.5364583333333334 0.833994708994709 0.04563492063492063 0.061507936507936505
3 0.43799603174603174 0.7688492063492064 0.04117063492063492 0.05555555555555555
3 0.3187003968253968 0.6818783068783069 0.041666666666666664 0.05555555555555555
2 0.6899801587301587 0.2959656084656085 0.03720238095238095 0.054563492063492064
2 0.736359126984127 0.38425925925925924 0.04092261904761905 0.045965608465608467
