3 0.3878968253968254 0.23346560846560846 0.030257936507936508 0.04298941798941799
3 0.48462301587301587 0.23082010582010581 0.03521825396825397 0.04298941798941799
3 0.5969742063492064 0.24537037037037038 0.033234126984126984 0.04563492063492063
3 0.3454861111111111 0.3478835978835979 0.03125 0.04431216931216931
3 0.42485119047619047 0.3723544973544973 0.032242063492063495 0.04298941798941799
3 0.5260416666666666 0.36078042328042326 0.033234126984126984 0.04298941798941799
3 0.28273809523809523 0.49173280423280424 0.03125 0.04298941798941799
3 0.3940972222222222 0.4871031746031746 0.032242063492063495 0.04034391534391534
3 0.4714781746031746 0.4775132275132275 0.032242063492063495 0.041666666666666664
3 0.5912698412698413 0.49173280423280424 0.033234126984126984 0.04298941798941799
3 0.6884920634920635 0.5099206349206349 0.03521825396825397 0.04563492063492063
3 0.3308531746031746 0.5846560846560847 0.032242063492063495 0.04298941798941799
3 0.4126984126984127 0.5988756613756614 0.03422619047619048 0.04298941798941799
3 0.5322420634920635 0.5949074074074074 0.033234126984126984 0.041666666666666664
3 0.6453373015873016 0.6104497354497355 0.03521825396825397 0.04431216931216931
3 0.37822420634920634 0.716931216931217 0.030257936507936508 0.0496031746031746
3 0.47098214285714285 0.7235449735449735 0.03422619047619048 0.04563492063492063
3 0.5902777777777778 0.7357804232804233 0.033234126984126984 0.04431216931216931
4 0.6473214285714286 0.3723544973544973 0.02132936507936508 0.02976190476190476
2 0.43278769841269843 0.2761243386243386 0.02976190476190476 0.042328042328042326
2 0.37822420634920634 0.31812169312169314 0.03298611111111111 0.036375661375661374
1 0.48214285714285715 0.3263888888888889 0.024305555555555556 0.03207671957671958
2 0.5873015873015873 0.3263888888888889 0.027281746031746032 0.02414021164021164
0 0.3444940476190476 0.017195767195767195 0.034722222222222224 0.023478835978835978
2 0.30580357142857145 0.013888888888888888 0.023561507936507936 0.027447089947089946
0 0.1793154761904762 0.10714285714285714 0.02703373015873016 0.041666666666666664
0 0.18030753968253968 0.083994708994709 0.027281746031746032 0.04265873015873016
0 0.2795138888888889 0.016203703703703703 0.021081349206349208 0.03207671957671958
0 0.8467261904761905 0.11904761904761904 0.030753968253968252 0.04728835978835979
0 0.8129960317460317 0.10416666666666667 0.03794642857142857 0.03273809523809524
0 0.8015873015873016 0.14285714285714285 0.010912698412698412 0.050595238095238096
2 0.8263888888888888 0.1292989417989418 0.032242063492063495 0.052248677248677246
0 0.7765376984126984 0.17096560846560846 0.0339781746031746 0.042328042328042326
0 0.7767857142857143 0.1970899470899471 0.022817460317460316 0.05026455026455026
0 0.7886904761904762 0.19510582010582012 0.022817460317460316 0.049933862433862435
0 0.8127480158730159 0.1712962962962963 0.034722222222222224 0.041666666666666664
0 0.8318452380952381 0.17691798941798942 0.02703373015873016 0.049933862433862435
0 0.8350694444444444 0.1960978835978836 0.031001984126984128 0.04828042328042328
0 0.8449900793650794 0.22056878306878308 0.021825396825396824 0.05092592592592592
1 0.824156746031746 0.24735449735449735 0.026041666666666668 0.03571428571428571
0 0.7755456349206349 0.24107142857142858 0.03794642857142857 0.023809523809523808
0 0.7497519841269841 0.25132275132275134 0.014632936507936508 0.0496031746031746
1 0.8373015873015873 0.26851851851851855 0.027777777777777776 0.0333994708994709
1 0.8234126984126984 0.2976190476190476 0.03050595238095238 0.04265873015873016
1 0.6862599206349206 0.4226190476190476 0.018601190476190476 0.02976190476190476
1 0.6428571428571429 0.455026455026455 0.023065476190476192 0.026124338624338623
0 0.5394345238095238 0.24933862433862433 0.009176587301587302 0.045965608465608467
0 0.5171130952380952 0.29794973544973546 0.033234126984126984 0.03373015873015873
0 0.29985119047619047 0.42162698412698413 0.031994047619047616 0.0333994708994709
0 0.3499503968253968 0.42493386243386244 0.03273809523809524 0.03141534391534392
0 0.39831349206349204 0.4236111111111111 0.03571428571428571 0.02513227513227513
1 0.4263392857142857 0.44312169312169314 0.023065476190476192 0.032407407407407406
0 0.44816468253968256 0.43154761904761907 0.031746031746031744 0.03439153439153439
0 0.4283234126984127 0.48478835978835977 0.009176587301587302 0.04398148148148148
0 0.4427083333333333 0.5433201058201058 0.032242063492063495 0.031084656084656083
0 0.5032242063492064 0.5486111111111112 0.03249007936507937 0.03042328042328042
1 0.4791666666666667 0.4097222222222222 0.024305555555555556 0.028108465608465607
1 0.5868055555555556 0.41633597883597884 0.02132936507936508 0.02976190476190476
2 0.5255456349206349 0.45601851851851855 0.031994047619047616 0.037037037037037035
0 0.3253968253968254 0.47585978835978837 0.010912698412698412 0.04431216931216931
2 0.3229166666666667 0.5171957671957672 0.03273809523809524 0.03207671957671958
1 0.3680555555555556 0.5595238095238095 0.02554563492063492 0.03042328042328042
0 0.37028769841269843 0.5988756613756614 0.010416666666666666 0.045304232804232805
0 0.4704861111111111 0.6167328042328042 0.009424603174603174 0.046296296296296294
1 0.37177579365079366 0.6471560846560847 0.016865079365079364 0.02943121693121693
0 0.3430059523809524 0.6636904761904762 0.03249007936507937 0.03306878306878307
0 0.41691468253968256 0.7222222222222222 0.010912698412698412 0.045304232804232805
2 0.4131944444444444 0.7579365079365079 0.031994047619047616 0.03373015873015873
0 0.2452876984126984 0.9494047619047619 0.0248015873015873 0.04332010582010582
0 0.48759920634920634 0.6666666666666666 0.03149801587301587 0.03571428571428571
2 0.5171130952380952 0.7033730158730159 0.0248015873015873 0.04497354497354497
0 0.5161210317460317 0.7533068783068783 0.009672619047619048 0.04927248677248677
2 0.5724206349206349 0.6590608465608465 0.029017857142857144 0.04365079365079365
2 0.6247519841269841 0.7000661375661376 0.03050595238095238 0.04298941798941799
0 0.7661210317460317 0.853505291005291 0.03720238095238095 0.02546296296296296
0 0.7730654761904762 0.8207671957671958 0.03125 0.04398148148148148
0 0.7810019841269841 0.8316798941798942 0.031746031746031744 0.04265873015873016
2 0.814484126984127 0.8072089947089947 0.033482142857142856 0.05191798941798942
1 0.8596230158730159 0.8078703703703703 0.02628968253968254 0.036044973544973546
2 0.2785218253968254 0.91005291005291 0.031001984126984128 0.04728835978835979
1 0.8412698412698413 0.7235449735449735 0.0220734126984127 0.031746031746031744
0 0.8239087301587301 0.7146164021164021 0.03149801587301587 0.04431216931216931
0 0.8578869047619048 0.7033730158730159 0.038938492063492064 0.018518518518518517
