0 0.1111111111111111 0.16005291005291006 0.03298611111111111 0.0333994708994709
0 0.1297123015873016 0.17493386243386244 0.03447420634920635 0.02017195767195767
0 0.16765873015873015 0.16964285714285715 0.028769841269841268 0.0291005291005291
0 0.17584325396825398 0.16732804232804233 0.029265873015873016 0.03042328042328042
1 0.20014880952380953 0.14649470899470898 0.020089285714285716 0.03306878306878307
0 0.2309027777777778 0.11044973544973545 0.03125 0.04365079365079365
0 0.23735119047619047 0.12896825396825398 0.032242063492063495 0.03835978835978836
0 0.10788690476190477 0.291005291005291 0.015873015873015872 0.04398148148148148
0 0.11408730158730158 0.3125 0.01636904761904762 0.045304232804232805
0 0.7043650793650794 0.08134920634920635 0.03149801587301587 0.046957671957671955
0 0.7958829365079365 0.07837301587301587 0.041914682539682536 0.035383597883597885
1 0.7775297619047619 0.02976190476190476 0.031994047619047616 0.04034391534391534
1 0.7991071428571429 0.041005291005291 0.03050595238095238 0.03935185185185185
0 0.9590773809523809 0.49537037037037035 0.022569444444444444 0.05720899470899471
1 0.9811507936507936 0.48974867724867727 0.024553571428571428 0.03439153439153439
0 0.9575892857142857 0.6412037037037037 0.024305555555555556 0.055224867724867725
0 0.49603174603174605 0.21891534391534392 0.023065476190476192 0.051587301587301584
0 0.6009424603174603 0.21263227513227514 0.032242063492063495 0.04894179894179894
2 0.5709325396825397 0.25727513227513227 0.024305555555555556 0.050595238095238096
0 0.4915674603174603 0.2876984126984127 0.026041666666666668 0.04828042328042328
0 0.3916170634920635 0.27380952380952384 0.024553571428571428 0.04828042328042328
1 0.4017857142857143 0.32341269841269843 0.017609126984126984 0.0333994708994709
1 0.466765873015873 0.330026455026455 0.022321428571428572 0.034722222222222224
2 0.37028769841269843 0.3855820105820106 0.0248015873015873 0.041666666666666664
1 0.49330357142857145 0.4146825396825397 0.023561507936507936 0.03439153439153439
0 0.46875 0.4540343915343915 0.028273809523809524 0.04728835978835979
1 0.45089285714285715 0.48048941798941797 0.026537698412698412 0.030753968253968252
0 0.41889880952380953 0.47354497354497355 0.036210317460317464 0.016203703703703703
0 0.37375992063492064 0.5036375661375662 0.028521825396825396 0.045304232804232805
0 0.36433531746031744 0.5750661375661376 0.02132936507936508 0.049933862433862435
0 0.31994047619047616 0.53505291005291 0.03571428571428571 0.016203703703703703
1 0.37177579365079366 0.6256613756613757 0.027777777777777776 0.0333994708994709
2 0.4347718253968254 0.6213624338624338 0.03422619047619048 0.044642857142857144
0 0.44841269841269843 0.6696428571428571 0.023809523809523808 0.04894179894179894
1 0.34250992063492064 0.6732804232804233 0.025297619047619048 0.036375661375661374
2 0.45709325396825395 0.7132936507936508 0.027529761904761904 0.046957671957671955
2 0.5672123015873016 0.656084656084656 0.026785714285714284 0.046957671957671955
0 0.5362103174603174 0.7552910052910053 0.02058531746031746 0.049933862433862435
2 0.5555555555555556 0.8029100529100529 0.03298611111111111 0.036375661375661374
0 0.6512896825396826 0.7281746031746031 0.02703373015873016 0.051587301587301584
0 0.5997023809523809 0.6666666666666666 0.03968253968253968 0.023478835978835978
0 0.6587301587301587 0.640542328042328 0.031746031746031744 0.04662698412698413
2 0.6760912698412699 0.6068121693121693 0.028769841269841268 0.04927248677248677
1 0.7442956349206349 0.6226851851851852 0.02628968253968254 0.03736772486772487
0 0.5166170634920635 0.5740740740740741 0.03670634920634921 0.01984126984126984
0 0.5659722222222222 0.529431216931217 0.02703373015873016 0.045304232804232805
0 0.6170634920634921 0.5102513227513228 0.039186507936507936 0.017857142857142856
0 0.6765873015873016 0.4722222222222222 0.03125 0.045965608465608467
0 0.7286706349206349 0.4537037037037037 0.04117063492063492 0.015873015873015872
2 0.5548115079365079 0.4209656084656085 0.019593253968253968 0.0419973544973545
2 0.5905257936507936 0.3587962962962963 0.02976190476190476 0.042328042328042326
0 0.6309523809523809 0.35978835978835977 0.036210317460317464 0.026124338624338623
1 0.6661706349206349 0.35383597883597884 0.021081349206349208 0.03505291005291005
0 0.6882440476190477 0.31415343915343913 0.033482142857142856 0.045304232804232805
0 0.4437003968253968 0.7526455026455027 0.025049603174603176 0.04398148148148148
3 0.3472222222222222 0.30092592592592593 0.034722222222222224 0.047619047619047616
3 0.43700396825396826 0.23511904761904762 0.03571428571428571 0.05092592592592592
3 0.5518353174603174 0.17724867724867724 0.036210317460317464 0.04828042328042328
3 0.5205853174603174 0.3330026455026455 0.03571428571428571 0.047619047619047616
3 0.6577380952380952 0.2962962962962963 0.03720238095238095 0.05026455026455026
3 0.6277281746031746 0.42394179894179895 0.04017857142857143 0.0496031746031746
3 0.5062003968253969 0.48842592592592593 0.036210317460317464 0.047619047619047616
3 0.7326388888888888 0.5119047619047619 0.040674603174603176 0.051587301587301584
3 0.6083829365079365 0.5677910052910053 0.03819444444444445 0.0496031746031746
3 0.7212301587301587 0.6746031746031746 0.041666666666666664 0.05291005291005291
3 0.5944940476190477 0.7367724867724867 0.037698412698412696 0.05092592592592592
3 0.4975198412698413 0.7853835978835979 0.03422619047619048 0.046957671957671955
3 0.4045138888888889 0.6802248677248677 0.037698412698412696 0.046957671957671955
3 0.4895833333333333 0.6438492063492064 0.03521825396825397 0.047619047619047616
3 0.3273809523809524 0.6117724867724867 0.03422619047619048 0.047619047619047616
3 0.43427579365079366 0.544973544973545 0.03521825396825397 0.047619047619047616
3 0.33903769841269843 0.4348544973544973 0.03422619047619048 0.046957671957671955
3 0.42584325396825395 0.41369047619047616 0.033234126984126984 0.046957671957671955
