3 0.11979166666666667 0.115625 0.13541666666666666 0.078125
3 0.5239583333333333 0.115625 0.12083333333333333 0.071875
3 0.9052083333333333 0.1359375 0.12083333333333333 0.071875
3 0.3302083333333333 0.315625 0.13541666666666666 0.09375
3 0.7708333333333334 0.3359375 0.14583333333333334 0.09375
3 0.128125 0.59375 0.15625 0.109375
3 0.6104166666666667 0.58125 0.15833333333333333 0.1125
3 0.3927083333333333 0.890625 0.17291666666666666 0.134375
3 0.9083333333333333 0.878125 0.17916666666666667 0.11875
1 0.11354166666666667 0.2234375 0.0875 0.1203125
0 0.1125 0.3484375 0.028125 0.11875
0 0.21041666666666667 0.4328125 0.13958333333333334 0.103125
1 0.34791666666666665 0.45 0.10104166666666667 0.1390625
0 0.471875 0.4296875 0.13333333333333333 0.0921875
0 0.546875 0.3296875 0.04479166666666667 0.121875
1 0.53125 0.2234375 0.090625 0.11875
0 0.6375 0.209375 0.11770833333333333 0.084375
0 0.6989583333333333 0.134375 0.04791666666666667 0.078125
0 0.3625 0.6 0.035416666666666666 0.1375
0 0.46875 0.7046875 0.15833333333333333 0.1140625
1 0.6322916666666667 0.74375 0.11145833333333334 0.1640625
