0 0.24305555555555555 0.42956349206349204 0.11135912698412699 0.056878306878306875
0 0.22296626984126985 0.4894179894179894 0.10887896825396826 0.045304232804232805
1 0.3454861111111111 0.5271164021164021 0.07911706349206349 0.09490740740740741
0 0.43179563492063494 0.5707671957671958 0.03149801587301587 0.144510582010582
0 0.4558531746031746 0.5925925925925926 0.03149801587301587 0.14285714285714285
2 0.6845238095238095 0.8316798941798942 0.09052579365079365 0.16170634920634921
0 0.5620039682539683 0.8422619047619048 0.10912698412698413 0.08664021164021164
0 0.5505952380952381 0.7367724867724867 0.09697420634920635 0.12334656084656084
0 0.8561507936507936 0.5029761904761905 0.11805555555555555 0.09689153439153439
1 0.5250496031746031 0.5089285714285714 0.07490079365079365 0.105489417989418
2 0.4799107142857143 0.46726190476190477 0.0744047619047619 0.1292989417989418
1 0.4337797619047619 0.44576719576719576 0.0642361111111111 0.103505291005291
0 0.8266369047619048 0.5730820105820106 0.11879960317460317 0.09953703703703703
