4 0.27653769841269843 0.05787037037037037 0.037698412698412696 0.04794973544973545
1 0.48660714285714285 0.15674603174603174 0.023809523809523808 0.03802910052910053
0 0.38591269841269843 0.26884920634920634 0.025793650793650792 0.05324074074074074
0 0.42311507936507936 0.3177910052910053 0.040426587301587304 0.020833333333333332
2 0.5094246031746031 0.24074074074074073 0.031746031746031744 0.05555555555555555
0 0.5443948412698413 0.24371693121693122 0.040674603174603176 0.021825396825396824
0 0.6108630952380952 0.20171957671957672 0.028769841269841268 0.05555555555555555
0 0.595734126984127 0.2976190476190476 0.018849206349206348 0.056216931216931214
2 0.6063988095238095 0.3419312169312169 0.031746031746031744 0.052248677248677246
0 0.7013888888888888 0.3237433862433862 0.03298611111111111 0.04927248677248677
2 0.7224702380952381 0.26851851851851855 0.03993055555555555 0.05191798941798942
0 0.7594246031746031 0.4460978835978836 0.04513888888888889 0.01488095238095238
2 0.7189980158730159 0.44775132275132273 0.036458333333333336 0.05092592592592592
0 0.6917162698412699 0.48908730158730157 0.031001984126984128 0.05257936507936508
2 0.6631944444444444 0.5360449735449735 0.037450396825396824 0.0333994708994709
1 0.7080853174603174 0.6246693121693122 0.030009920634920636 0.03670634920634921
1 0.7693452380952381 0.6362433862433863 0.028769841269841268 0.02513227513227513
0 0.6750992063492064 0.6643518518518519 0.03422619047619048 0.05489417989417989
0 0.6728670634920635 0.7503306878306878 0.023065476190476192 0.05654761904761905
0 0.6123511904761905 0.6901455026455027 0.04538690476190476 0.021825396825396824
0 0.5639880952380952 0.6421957671957672 0.0248015873015873 0.054563492063492064
1 0.5481150793650794 0.5932539682539683 0.020089285714285716 0.03207671957671958
0 0.5186011904761905 0.583994708994709 0.041666666666666664 0.01488095238095238
1 0.47693452380952384 0.5734126984126984 0.026041666666666668 0.021825396825396824
0 0.5783730158730159 0.455026455026455 0.022817460317460316 0.05489417989417989
0 0.5181051587301587 0.4156746031746032 0.03993055555555555 0.013227513227513227
0 0.4779265873015873 0.36706349206349204 0.021825396825396824 0.052248677248677246
0 0.3159722222222222 0.3888888888888889 0.03993055555555555 0.01951058201058201
1 0.35168650793650796 0.3921957671957672 0.028769841269841268 0.036044973544973546
0 0.37276785714285715 0.4312169312169312 0.02058531746031746 0.05092592592592592
2 0.3898809523809524 0.4781746031746032 0.030753968253968252 0.047619047619047616
2 0.44742063492063494 0.4894179894179894 0.03943452380952381 0.03902116402116402
2 0.3318452380952381 0.5562169312169312 0.04117063492063492 0.031746031746031744
0 0.29092261904761907 0.542989417989418 0.03869047619047619 0.02447089947089947
0 0.34325396825396826 0.671957671957672 0.03050595238095238 0.04927248677248677
0 0.3913690476190476 0.6438492063492064 0.04141865079365079 0.015542328042328041
1 0.4310515873015873 0.6531084656084656 0.028273809523809524 0.028108465608465607
1 0.46279761904761907 0.7463624338624338 0.02976190476190476 0.036375661375661374
0 0.4322916666666667 0.7886904761904762 0.030009920634920636 0.05324074074074074
2 0.5243055555555556 0.7569444444444444 0.03521825396825397 0.047619047619047616
0 0.08432539682539683 0.4689153439153439 0.038938492063492064 0.028769841269841268
2 0.06820436507936507 0.533068783068783 0.03422619047619048 0.03935185185185185
0 0.11755952380952381 0.5357142857142857 0.03869047619047619 0.015542328042328041
0 0.06374007936507936 0.5638227513227513 0.03819444444444445 0.021825396825396824
1 0.10987103174603174 0.4021164021164021 0.031001984126984128 0.027116402116402115
3 0.5339781746031746 0.1527777777777778 0.03720238095238095 0.0496031746031746
3 0.4211309523809524 0.23313492063492064 0.03720238095238095 0.0496031746031746
3 0.5218253968253969 0.3439153439153439 0.03819444444444445 0.05092592592592592
3 0.4146825396825397 0.3978174603174603 0.03670634920634921 0.04894179894179894
3 0.3194444444444444 0.43452380952380953 0.037698412698412696 0.05026455026455026
3 0.4069940476190476 0.583994708994709 0.03670634920634921 0.04894179894179894
3 0.2904265873015873 0.6216931216931217 0.03720238095238095 0.0496031746031746
3 0.515625 0.6666666666666666 0.03819444444444445 0.05092592592592592
3 0.38268849206349204 0.7427248677248677 0.03869047619047619 0.051587301587301584
3 0.47668650793650796 0.8409391534391535 0.03819444444444445 0.05092592592592592
3 0.5818452380952381 0.7807539682539683 0.03968253968253968 0.05291005291005291
3 0.730406746031746 0.6967592592592593 0.04265873015873016 0.056878306878306875
3 0.6068948412698413 0.5790343915343915 0.03968253968253968 0.05291005291005291
3 0.5218253968253969 0.5158730158730159 0.03819444444444445 0.05092592592592592
3 0.730406746031746 0.5433201058201058 0.041666666666666664 0.05555555555555555
3 0.6458333333333334 0.4460978835978836 0.04117063492063492 0.05489417989417989
3 0.7497519841269841 0.35714285714285715 0.04017857142857143 0.05357142857142857
3 0.6505456349206349 0.26157407407407407 0.04117063492063492 0.05489417989417989
