0 0.23412698412698413 0.2218915343915344 0.03447420634920635 0.023478835978835978
1 0.25 0.20502645502645503 0.023561507936507936 0.0333994708994709
0 0.26438492063492064 0.21626984126984128 0.03273809523809524 0.03835978835978836
0 0.3189484126984127 0.11904761904761904 0.03273809523809524 0.03968253968253968
1 0.4437003968253968 0.25132275132275134 0.01636904761904762 0.035383597883597885
2 0.48313492063492064 0.30654761904761907 0.0220734126984127 0.047619047619047616
0 0.5111607142857143 0.29398148148148145 0.03819444444444445 0.027116402116402115
0 0.5662202380952381 0.31316137566137564 0.028521825396825396 0.04332010582010582
2 0.5868055555555556 0.3429232804232804 0.021081349206349208 0.04563492063492063
0 0.38566468253968256 0.38657407407407407 0.030257936507936508 0.037698412698412696
0 0.4290674603174603 0.4087301587301587 0.03546626984126984 0.026455026455026454
0 0.4868551587301587 0.4226190476190476 0.029513888888888888 0.040013227513227514
0 0.5329861111111112 0.44246031746031744 0.03819444444444445 0.026785714285714284
0 0.5927579365079365 0.44675925925925924 0.030257936507936508 0.041005291005291
2 0.6850198412698413 0.4722222222222222 0.03546626984126984 0.028769841269841268
0 0.6961805555555556 0.421957671957672 0.015873015873015872 0.050595238095238096
2 0.7073412698412699 0.37566137566137564 0.023065476190476192 0.04662698412698413
0 0.7388392857142857 0.35615079365079366 0.038938492063492064 0.028439153439153438
0 0.6584821428571429 0.2863756613756614 0.018849206349206348 0.052248677248677246
2 0.6626984126984127 0.23313492063492064 0.034722222222222224 0.03571428571428571
0 0.5550595238095238 0.23148148148148148 0.014384920634920634 0.049933862433862435
1 0.7482638888888888 0.5244708994708994 0.02628968253968254 0.020833333333333332
1 0.7998511904761905 0.5062830687830688 0.028521825396825396 0.03273809523809524
0 0.730406746031746 0.5744047619047619 0.01984126984126984 0.049933862433862435
0 0.685515873015873 0.6276455026455027 0.04117063492063492 0.0291005291005291
0 0.7534722222222222 0.6501322751322751 0.03521825396825397 0.04431216931216931
0 0.6297123015873016 0.6121031746031746 0.03249007936507937 0.042328042328042326
1 0.6034226190476191 0.5773809523809523 0.023065476190476192 0.03406084656084656
0 0.5771329365079365 0.5830026455026455 0.037450396825396824 0.02546296296296296
1 0.5389384920634921 0.593584656084656 0.025793650793650792 0.02976190476190476
2 0.6287202380952381 0.7298280423280423 0.03125 0.04894179894179894
1 0.5726686507936508 0.7523148148148148 0.02703373015873016 0.03571428571428571
0 0.5582837301587301 0.8032407407407407 0.012648809523809524 0.050595238095238096
1 0.5208333333333334 0.6851851851851852 0.027281746031746032 0.03571428571428571
0 0.48462301587301587 0.6974206349206349 0.03670634920634921 0.02976190476190476
0 0.4506448412698413 0.7453703703703703 0.020337301587301588 0.05291005291005291
2 0.4107142857142857 0.6494708994708994 0.03720238095238095 0.03902116402116402
0 0.3712797619047619 0.6587301587301587 0.039186507936507936 0.018187830687830687
2 0.4915674603174603 0.5357142857142857 0.03447420634920635 0.04431216931216931
2 0.4399801587301587 0.5545634920634921 0.02132936507936508 0.03802910052910053
0 0.41393849206349204 0.5254629629629629 0.025297619047619048 0.0419973544973545
1 0.38665674603174605 0.501984126984127 0.022321428571428572 0.031084656084656083
0 0.357390873015873 0.5162037037037037 0.036458333333333336 0.02017195767195767
0 0.19940476190476192 0.6041666666666666 0.024057539682539684 0.047619047619047616
1 0.18948412698412698 0.6504629629629629 0.02058531746031746 0.03042328042328042
0 0.2537202380952381 0.671957671957672 0.014384920634920634 0.04861111111111111
0 0.1775793650793651 0.7923280423280423 0.038938492063492064 0.018518518518518517
0 0.1691468253968254 0.6716269841269841 0.029513888888888888 0.04728835978835979
1 0.18253968253968253 0.6266534391534392 0.029265873015873016 0.031084656084656083
0 0.1746031746031746 0.6970899470899471 0.03521825396825397 0.04265873015873016
0 0.21800595238095238 0.7400793650793651 0.03720238095238095 0.0333994708994709
0 0.19171626984126985 0.7582671957671958 0.017361111111111112 0.046957671957671955
0 0.15029761904761904 0.7658730158730159 0.024057539682539684 0.049933862433862435
0 0.17261904761904762 0.7162698412698413 0.03249007936507937 0.04298941798941799
0 0.18675595238095238 0.7275132275132276 0.033482142857142856 0.03571428571428571
0 0.9052579365079365 0.05125661375661376 0.040426587301587304 0.052248677248677246
3 0.4816468253968254 0.22817460317460317 0.03571428571428571 0.047619047619047616
3 0.6029265873015873 0.2612433862433862 0.03968253968253968 0.047619047619047616
3 0.7068452380952381 0.2900132275132275 0.03869047619047619 0.05092592592592592
3 0.5168650793650794 0.3835978835978836 0.03521825396825397 0.0496031746031746
3 0.6470734126984127 0.4093915343915344 0.03869047619047619 0.047619047619047616
3 0.40773809523809523 0.3412698412698413 0.03521825396825397 0.046957671957671955
3 0.6847718253968254 0.720568783068783 0.04265873015873016 0.051587301587301584
3 0.595734126984127 0.656415343915344 0.03720238095238095 0.05092592592592592
3 0.5032242063492064 0.7886904761904762 0.03819444444444445 0.051587301587301584
3 0.48214285714285715 0.6355820105820106 0.036210317460317464 0.046957671957671955
3 0.3705357142857143 0.5522486772486772 0.03521825396825397 0.04563492063492063
3 0.44221230158730157 0.47784391534391535 0.036210317460317464 0.046296296296296294
3 0.5620039682539683 0.5248015873015873 0.03819444444444445 0.046957671957671955
3 0.6502976190476191 0.5367063492063492 0.04117063492063492 0.0496031746031746
3 0.7420634920634921 0.44742063492063494 0.043154761904761904 0.05092592592592592
3 0.7859623015873016 0.5757275132275133 0.040674603174603176 0.05357142857142857
3 0.6121031746031746 0.826058201058201 0.03720238095238095 0.05092592592592592
