0 0.33804563492063494 0.0701058201058201 0.018353174603174604 0.04894179894179894
0 0.3628472222222222 0.08531746031746032 0.03373015873015873 0.016203703703703703
0 0.3774801587301587 0.11904761904761904 0.02554563492063492 0.046957671957671955
0 0.3923611111111111 0.12433862433862433 0.030753968253968252 0.04133597883597884
0 0.4290674603174603 0.15906084656084657 0.036210317460317464 0.018187830687830687
0 0.3931051587301587 0.10912698412698413 0.028769841269841268 0.04133597883597884
0 0.3844246031746032 0.07539682539682539 0.02628968253968254 0.04431216931216931
0 0.39186507936507936 0.052248677248677246 0.03273809523809524 0.03802910052910053
0 0.35441468253968256 0.02943121693121693 0.03546626984126984 0.03670634920634921
0 0.4052579365079365 0.05026455026455026 0.030753968253968252 0.0419973544973545
0 0.42485119047619047 0.04034391534391534 0.03571428571428571 0.03141534391534392
1 0.43973214285714285 0.06712962962962964 0.025793650793650792 0.03439153439153439
1 0.4573412698412698 0.05324074074074074 0.023809523809523808 0.03802910052910053
0 0.47619047619047616 0.0710978835978836 0.035962301587301584 0.037037037037037035
0 0.7938988095238095 0.05919312169312169 0.018105158730158732 0.05291005291005291
0 0.800843253968254 0.10251322751322751 0.03571428571428571 0.04861111111111111
1 0.8082837301587301 0.08002645502645503 0.029265873015873016 0.032407407407407406
0 0.8921130952380952 0.17394179894179895 0.03670634920634921 0.047619047619047616
0 0.1984126984126984 0.935515873015873 0.030009920634920636 0.046957671957671955
0 0.18080357142857142 0.9289021164021164 0.03050595238095238 0.046296296296296294
0 0.10639880952380952 0.8382936507936508 0.013640873015873016 0.049933862433862435
0 0.1277281746031746 0.8257275132275133 0.025793650793650792 0.05092592592592592
1 0.1597222222222222 0.7232142857142857 0.027281746031746032 0.032407407407407406
0 0.17435515873015872 0.6693121693121693 0.010912698412698412 0.04794973544973545
0 0.1597222222222222 0.6653439153439153 0.015376984126984126 0.04794973544973545
0 0.550843253968254 0.2847222222222222 0.01711309523809524 0.051587301587301584
1 0.564484126984127 0.32605820105820105 0.025049603174603176 0.03009259259259259
0 0.6572420634920635 0.31084656084656087 0.030753968253968252 0.04662698412698413
0 0.4437003968253968 0.32275132275132273 0.017609126984126984 0.05125661375661376
2 0.45337301587301587 0.37433862433862436 0.033234126984126984 0.047619047619047616
0 0.5476190476190477 0.3637566137566138 0.033234126984126984 0.03869047619047619
0 0.6418650793650794 0.37665343915343913 0.021825396825396824 0.05092592592592592
1 0.7738095238095238 0.38062169312169314 0.028025793650793652 0.022156084656084655
2 0.7266865079365079 0.44477513227513227 0.03670634920634921 0.0248015873015873
0 0.7395833333333334 0.48412698412698413 0.023561507936507936 0.05324074074074074
0 0.7953869047619048 0.5443121693121693 0.04538690476190476 0.017195767195767195
0 0.7254464285714286 0.566468253968254 0.035962301587301584 0.042328042328042326
2 0.7003968253968254 0.5972222222222222 0.03447420634920635 0.03009259259259259
0 0.6158234126984127 0.6087962962962963 0.03373015873015873 0.04332010582010582
0 0.6316964285714286 0.458994708994709 0.03149801587301587 0.04398148148148148
0 0.6155753968253969 0.5257936507936508 0.024057539682539684 0.05092592592592592
0 0.7509920634920635 0.6960978835978836 0.04365079365079365 0.021164021164021163
2 0.7953869047619048 0.701058201058201 0.027529761904761904 0.04563492063492063
2 0.6768353174603174 0.7665343915343915 0.03298611111111111 0.0333994708994709
0 0.6411210317460317 0.7496693121693122 0.04141865079365079 0.021164021164021163
0 0.6954365079365079 0.8075396825396826 0.024305555555555556 0.05257936507936508
2 0.5987103174603174 0.7351190476190477 0.024057539682539684 0.04497354497354497
1 0.5796130952380952 0.8865740740740741 0.025049603174603176 0.04265873015873016
1 0.5642361111111112 0.8184523809523809 0.01636904761904762 0.034722222222222224
0 0.5260416666666666 0.794973544973545 0.03943452380952381 0.02414021164021164
0 0.47346230158730157 0.8224206349206349 0.03125 0.04563492063492063
0 0.4853670634920635 0.7341269841269841 0.023313492063492064 0.05324074074074074
0 0.49429563492063494 0.6633597883597884 0.030257936507936508 0.04497354497354497
1 0.5178571428571429 0.628968253968254 0.026041666666666668 0.02943121693121693
0 0.5114087301587301 0.591931216931217 0.021825396825396824 0.0496031746031746
2 0.4099702380952381 0.6643518518518519 0.034970238095238096 0.037037037037037035
1 0.3923611111111111 0.5922619047619048 0.027529761904761904 0.03439153439153439
0 0.35615079365079366 0.5757275132275133 0.036458333333333336 0.013227513227513227
1 0.5014880952380952 0.541005291005291 0.023561507936507936 0.035383597883597885
1 0.43452380952380953 0.5224867724867724 0.02628968253968254 0.036375661375661374
0 0.42485119047619047 0.4755291005291005 0.022817460317460316 0.0496031746031746
2 0.5404265873015873 0.4742063492063492 0.032242063492063495 0.04133597883597884
2 0.5248015873015873 0.4044312169312169 0.030753968253968252 0.027447089947089946
0 0.38839285714285715 0.4322089947089947 0.03720238095238095 0.018187830687830687
3 0.5243055555555556 0.30654761904761907 0.037698412698412696 0.04563492063492063
3 0.3970734126984127 0.3544973544973545 0.03273809523809524 0.04563492063492063
3 0.6956845238095238 0.33630952380952384 0.04017857142857143 0.04828042328042328
3 0.5853174603174603 0.4001322751322751 0.036210317460317464 0.04828042328042328
3 0.7963789682539683 0.4348544973544973 0.041666666666666664 0.05026455026455026
3 0.6649305555555556 0.4973544973544973 0.04117063492063492 0.05026455026455026
3 0.7705853174603174 0.6134259259259259 0.04265873015873016 0.051587301587301584
3 0.6498015873015873 0.6818783068783069 0.03968253968253968 0.05357142857142857
3 0.7485119047619048 0.7622354497354498 0.044642857142857144 0.05291005291005291
3 0.6217757936507936 0.8101851851851852 0.03968253968253968 0.051587301587301584
3 0.529265873015873 0.8644179894179894 0.037698412698412696 0.05026455026455026
3 0.5496031746031746 0.6884920634920635 0.03720238095238095 0.04828042328042328
3 0.42063492063492064 0.7357804232804233 0.036210317460317464 0.0496031746031746
3 0.45982142857142855 0.6187169312169312 0.03720238095238095 0.0496031746031746
3 0.5553075396825397 0.5710978835978836 0.03720238095238095 0.046296296296296294
3 0.4677579365079365 0.4669312169312169 0.036210317460317464 0.04828042328042328
3 0.3628472222222222 0.5059523809523809 0.036210317460317464 0.04828042328042328
3 0.34399801587301587 0.644510582010582 0.036210317460317464 0.047619047619047616
