2 0.43601190476190477 0.2523148148148148 0.03149801587301587 0.04133597883597884
0 0.46478174603174605 0.28505291005291006 0.025049603174603176 0.03935185185185185
0 0.5483630952380952 0.2457010582010582 0.01711309523809524 0.04794973544973545
2 0.5409226190476191 0.2853835978835979 0.031001984126984128 0.04332010582010582
0 0.5607638888888888 0.3244047619047619 0.02976190476190476 0.040674603174603176
1 0.6656746031746031 0.2671957671957672 0.01711309523809524 0.0333994708994709
1 0.6465773809523809 0.3290343915343915 0.024553571428571428 0.03406084656084656
2 0.5808531746031746 0.36243386243386244 0.027529761904761904 0.045304232804232805
0 0.375 0.35548941798941797 0.027529761904761904 0.03670634920634921
0 0.4270833333333333 0.38756613756613756 0.03249007936507937 0.012896825396825396
2 0.45436507936507936 0.38425925925925924 0.03050595238095238 0.04034391534391534
0 0.3841765873015873 0.43253968253968256 0.021577380952380952 0.04398148148148148
2 0.3732638888888889 0.4679232804232804 0.033482142857142856 0.041005291005291
1 0.3211805555555556 0.47585978835978837 0.025049603174603176 0.02976190476190476
0 0.47842261904761907 0.4966931216931217 0.01636904761904762 0.04398148148148148
0 0.44047619047619047 0.5300925925925926 0.03373015873015873 0.01488095238095238
0 0.39880952380952384 0.580026455026455 0.01984126984126984 0.04298941798941799
0 0.36061507936507936 0.6117724867724867 0.033482142857142856 0.018849206349206348
0 0.5158730158730159 0.4384920634920635 0.03373015873015873 0.013888888888888888
2 0.5076884920634921 0.5909391534391535 0.0220734126984127 0.040013227513227514
2 0.48660714285714285 0.6574074074074074 0.03298611111111111 0.03968253968253968
0 0.45436507936507936 0.6673280423280423 0.031994047619047616 0.011904761904761904
1 0.42410714285714285 0.6825396825396826 0.020833333333333332 0.03406084656084656
0 0.4154265873015873 0.7232142857142857 0.0220734126984127 0.04398148148148148
2 0.5233134920634921 0.746031746031746 0.01984126984126984 0.046296296296296294
0 0.5069444444444444 0.7953042328042328 0.0220734126984127 0.042328042328042326
0 0.6049107142857143 0.7648809523809523 0.028521825396825396 0.046957671957671955
0 0.5959821428571429 0.6977513227513228 0.016865079365079364 0.051587301587301584
1 0.6096230158730159 0.6521164021164021 0.015625 0.031084656084656083
1 0.6790674603174603 0.6388888888888888 0.018105158730158732 0.031084656084656083
0 0.7016369047619048 0.6861772486772487 0.03298611111111111 0.044642857142857144
2 0.6981646825396826 0.5658068783068783 0.026785714285714284 0.040674603174603176
1 0.5672123015873016 0.578042328042328 0.020089285714285716 0.02976190476190476
0 0.5835813492063492 0.5337301587301587 0.017857142857142856 0.047619047619047616
1 0.5949900793650794 0.5009920634920635 0.022817460317460316 0.027116402116402115
0 0.6302083333333334 0.4947089947089947 0.03819444444444445 0.017195767195767195
0 0.6708829365079365 0.45006613756613756 0.02132936507936508 0.04861111111111111
0 0.7212301587301587 0.3941798941798942 0.03819444444444445 0.017195767195767195
0 0.6651785714285714 0.375 0.03298611111111111 0.04497354497354497
0 0.9191468253968254 0.7966269841269841 0.03373015873015873 0.046957671957671955
1 0.9637896825396826 0.767526455026455 0.0220734126984127 0.0333994708994709
0 0.17584325396825398 0.5254629629629629 0.009424603174603174 0.042328042328042326
1 0.13616071428571427 0.6008597883597884 0.026785714285714284 0.0205026455026455
4 0.2105654761904762 0.6818783068783069 0.034970238095238096 0.02976190476190476
3 0.4935515873015873 0.24338624338624337 0.031746031746031744 0.042328042328042326
3 0.5248015873015873 0.3644179894179894 0.032242063492063495 0.04298941798941799
3 0.41889880952380953 0.3253968253968254 0.032242063492063495 0.04298941798941799
3 0.3308531746031746 0.42757936507936506 0.031746031746031744 0.042328042328042326
3 0.435515873015873 0.47784391534391535 0.031746031746031744 0.042328042328042326
3 0.5399305555555556 0.5128968253968254 0.032242063492063495 0.04298941798941799
3 0.3479662698412698 0.5638227513227513 0.032242063492063495 0.04298941798941799
3 0.44518849206349204 0.6104497354497355 0.030257936507936508 0.04034391534391534
3 0.558531746031746 0.6633597883597884 0.033234126984126984 0.04431216931216931
3 0.4437003968253968 0.730489417989418 0.03125 0.041666666666666664
3 0.5595238095238095 0.8177910052910053 0.03422619047619048 0.04563492063492063
3 0.6617063492063492 0.7331349206349206 0.03422619047619048 0.04563492063492063
3 0.7450396825396826 0.6431878306878307 0.03521825396825397 0.046957671957671955
3 0.6364087301587301 0.5582010582010583 0.031746031746031744 0.042328042328042326
3 0.7247023809523809 0.503968253968254 0.03373015873015873 0.04497354497354497
3 0.5982142857142857 0.4332010582010582 0.03521825396825397 0.046957671957671955
3 0.6966765873015873 0.32242063492063494 0.034722222222222224 0.046296296296296294
3 0.6001984126984127 0.29398148148148145 0.034722222222222224 0.046296296296296294
