1 0.47445436507936506 0.22585978835978837 0.024305555555555556 0.03373015873015873
1 0.4928075396825397 0.2810846560846561 0.017857142857142856 0.03141534391534392
0 0.5285218253968254 0.2896825396825397 0.03521825396825397 0.012566137566137565
0 0.5746527777777778 0.25132275132275134 0.025297619047619048 0.04365079365079365
0 0.5719246031746031 0.3330026455026455 0.023313492063492064 0.04497354497354497
2 0.6500496031746031 0.37863756613756616 0.031746031746031744 0.03009259259259259
1 0.6778273809523809 0.44675925925925924 0.025793650793650792 0.02976190476190476
0 0.720734126984127 0.45601851851851855 0.037698412698412696 0.011243386243386243
0 0.5691964285714286 0.4001322751322751 0.02554563492063492 0.04332010582010582
2 0.4677579365079365 0.3601190476190476 0.024057539682539684 0.04332010582010582
0 0.43427579365079366 0.35648148148148145 0.03422619047619048 0.010912698412698412
2 0.4027777777777778 0.3488756613756614 0.03125 0.022817460317460316
0 0.3881448412698413 0.31845238095238093 0.022817460317460316 0.03968253968253968
0 0.3521825396825397 0.421957671957672 0.034722222222222224 0.010912698412698412
2 0.3162202380952381 0.42493386243386244 0.024553571428571428 0.037698412698412696
0 0.4642857142857143 0.47255291005291006 0.024057539682539684 0.03802910052910053
2 0.3948412698412698 0.4957010582010582 0.031994047619047616 0.017195767195767195
0 0.37896825396825395 0.5251322751322751 0.02554563492063492 0.036375661375661374
0 0.32762896825396826 0.5539021164021164 0.033482142857142856 0.009259259259259259
0 0.37202380952380953 0.59755291005291 0.02132936507936508 0.04365079365079365
2 0.38318452380952384 0.6306216931216931 0.031746031746031744 0.01917989417989418
1 0.3506944444444444 0.6901455026455027 0.023809523809523808 0.01917989417989418
0 0.451140873015873 0.7476851851851852 0.024553571428571428 0.04431216931216931
0 0.46081349206349204 0.6865079365079365 0.021825396825396824 0.045965608465608467
0 0.4615575396825397 0.6087962962962963 0.025049603174603176 0.041005291005291
1 0.5339781746031746 0.7298280423280423 0.022817460317460316 0.0291005291005291
0 0.5498511904761905 0.7711640211640212 0.018849206349206348 0.0496031746031746
0 0.5466269841269841 0.6901455026455027 0.028273809523809524 0.03802910052910053
2 0.5622519841269841 0.6491402116402116 0.031001984126984128 0.02447089947089947
2 0.636656746031746 0.6729497354497355 0.030257936507936508 0.04398148148148148
0 0.6540178571428571 0.7275132275132276 0.01984126984126984 0.049933862433862435
0 0.7013888888888888 0.6058201058201058 0.037450396825396824 0.015873015873015872
0 0.6579861111111112 0.5684523809523809 0.025049603174603176 0.04497354497354497
1 0.6408730158730159 0.5211640211640212 0.024553571428571428 0.03273809523809524
2 0.5399305555555556 0.5826719576719577 0.032242063492063495 0.03373015873015873
0 0.47023809523809523 0.5466269841269841 0.023065476190476192 0.04298941798941799
1 0.5726686507936508 0.5148809523809523 0.0220734126984127 0.03273809523809524
0 0.5597718253968254 0.4685846560846561 0.023809523809523808 0.04398148148148148
1 0.5500992063492064 0.43716931216931215 0.023809523809523808 0.028439153439153438
0 0.8514384920634921 0.05357142857142857 0.03819444444444445 0.041005291005291
0 0.8722718253968254 0.05423280423280423 0.036458333333333336 0.03968253968253968
2 0.9573412698412699 0.0667989417989418 0.04141865079365079 0.046957671957671955
0 0.9568452380952381 0.13624338624338625 0.019593253968253968 0.05191798941798942
0 0.9231150793650794 0.3167989417989418 0.016865079365079364 0.04828042328042328
0 0.9419642857142857 0.31547619047619047 0.01984126984126984 0.05092592592592592
0 0.16592261904761904 0.15873015873015872 0.028273809523809524 0.040674603174603176
0 0.19072420634920634 0.19246031746031747 0.030009920634920636 0.03207671957671958
0 0.08085317460317461 0.30753968253968256 0.028273809523809524 0.03273809523809524
0 0.13268849206349206 0.2443783068783069 0.029513888888888888 0.03505291005291005
1 0.12177579365079365 0.38492063492063494 0.018849206349206348 0.026785714285714284
0 0.2757936507936508 0.878968253968254 0.030257936507936508 0.041666666666666664
0 0.3472222222222222 0.9431216931216931 0.02976190476190476 0.042328042328042326
4 0.3836805555555556 0.9563492063492064 0.029017857142857144 0.044642857142857144
2 0.2864583333333333 0.923941798941799 0.03546626984126984 0.04034391534391534
0 0.7527281746031746 0.9457671957671958 0.031746031746031744 0.0496031746031746
0 0.6887400793650794 0.8998015873015873 0.037698412698412696 0.017526455026455025
