0 0.4652777777777778 0.26355820105820105 0.015873015873015872 0.04861111111111111
0 0.5054563492063492 0.32275132275132273 0.034722222222222224 0.021494708994708994
0 0.6197916666666666 0.29034391534391535 0.03695436507936508 0.026124338624338623
0 0.6778273809523809 0.267526455026455 0.03298611111111111 0.03869047619047619
0 0.6557539682539683 0.35284391534391535 0.016121031746031748 0.050595238095238096
0 0.6378968253968254 0.4226190476190476 0.033482142857142856 0.03802910052910053
0 0.4069940476190476 0.35813492063492064 0.033482142857142856 0.022817460317460316
0 0.5124007936507936 0.45535714285714285 0.03149801587301587 0.0333994708994709
0 0.3549107142857143 0.4837962962962963 0.033234126984126984 0.02017195767195767
0 0.41294642857142855 0.4751984126984127 0.030753968253968252 0.030753968253968252
0 0.6118551587301587 0.49074074074074076 0.015625 0.04894179894179894
0 0.5022321428571429 0.5343915343915344 0.013888888888888888 0.047619047619047616
0 0.3916170634920635 0.544973544973545 0.011408730158730158 0.045304232804232805
0 0.4809027777777778 0.5942460317460317 0.030009920634920636 0.03439153439153439
0 0.4645337301587302 0.6712962962962963 0.013640873015873016 0.047619047619047616
0 0.44146825396825395 0.7291666666666666 0.028025793650793652 0.036375661375661374
0 0.5500992063492064 0.7109788359788359 0.031994047619047616 0.0291005291005291
0 0.5376984126984127 0.7913359788359788 0.009424603174603174 0.04894179894179894
0 0.6525297619047619 0.791005291005291 0.009672619047619048 0.04894179894179894
0 0.7291666666666666 0.6891534391534392 0.03993055555555555 0.030753968253968252
0 0.6927083333333334 0.6339285714285714 0.017361111111111112 0.05026455026455026
0 0.7837301587301587 0.5426587301587301 0.041914682539682536 0.023809523809523808
1 0.5773809523809523 0.19973544973544974 0.023313492063492064 0.037698412698412696
1 0.5838293650793651 0.26521164021164023 0.018353174603174604 0.030753968253968252
2 0.47445436507936506 0.3029100529100529 0.033234126984126984 0.031084656084656083
2 0.5399305555555556 0.3402777777777778 0.018849206349206348 0.0419973544973545
2 0.3697916666666667 0.3482142857142857 0.029513888888888888 0.04265873015873016
2 0.4357638888888889 0.4523809523809524 0.03447420634920635 0.028769841269841268
1 0.5287698412698413 0.7457010582010583 0.024305555555555556 0.031084656084656083
2 0.5672123015873016 0.5998677248677249 0.032242063492063495 0.04431216931216931
1 0.6165674603174603 0.542989417989418 0.01984126984126984 0.032407407407407406
2 0.39657738095238093 0.5843253968253969 0.035962301587301584 0.02943121693121693
1 0.3524305555555556 0.6319444444444444 0.025049603174603176 0.023809523809523808
2 0.5753968253968254 0.6749338624338624 0.033234126984126984 0.03042328042328042
2 0.6478174603174603 0.7337962962962963 0.028273809523809524 0.05257936507936508
1 0.6857638888888888 0.5810185185185185 0.025049603174603176 0.03505291005291005
1 0.7423115079365079 0.5165343915343915 0.02703373015873016 0.03736772486772487
2 0.7294146825396826 0.43716931216931215 0.03447420634920635 0.04133597883597884
3 0.6264880952380952 0.22056878306878308 0.03521825396825397 0.046957671957671955
3 0.5307539682539683 0.26785714285714285 0.03670634920634921 0.04894179894179894
3 0.41617063492063494 0.2986111111111111 0.033234126984126984 0.04431216931216931
3 0.49181547619047616 0.38326719576719576 0.03373015873015873 0.04497354497354497
3 0.5840773809523809 0.390542328042328 0.03670634920634921 0.04894179894179894
3 0.7269345238095238 0.3627645502645503 0.03819444444444445 0.05092592592592592
3 0.38318452380952384 0.42592592592592593 0.03125 0.041666666666666664
3 0.8055555555555556 0.4718915343915344 0.039186507936507936 0.052248677248677246
3 0.669890873015873 0.47255291005291006 0.03571428571428571 0.047619047619047616
3 0.5667162698412699 0.5036375661375662 0.03273809523809524 0.04365079365079365
3 0.45709325396825395 0.5496031746031746 0.031746031746031744 0.042328042328042326
3 0.34250992063492064 0.5783730158730159 0.033234126984126984 0.04431216931216931
3 0.41220238095238093 0.6917989417989417 0.03422619047619048 0.04563492063492063
3 0.5188492063492064 0.6620370370370371 0.03422619047619048 0.04563492063492063
3 0.6436011904761905 0.628968253968254 0.03670634920634921 0.04894179894179894
3 0.7678571428571429 0.6197089947089947 0.039186507936507936 0.052248677248677246
3 0.5674603174603174 0.7764550264550265 0.03571428571428571 0.047619047619047616
3 0.7110615079365079 0.7731481481481481 0.03670634920634921 0.04894179894179894
0 0.2847222222222222 0.04861111111111111 0.026537698412698412 0.041666666666666664
2 0.30257936507936506 0.10449735449735449 0.030009920634920636 0.04431216931216931
0 0.14831349206349206 0.1259920634920635 0.024057539682539684 0.04133597883597884
0 0.1840277777777778 0.08862433862433862 0.028273809523809524 0.03505291005291005
0 0.21329365079365079 0.08035714285714286 0.03273809523809524 0.03207671957671958
2 0.19146825396825398 0.14285714285714285 0.027529761904761904 0.04298941798941799
1 0.17559523809523808 0.2251984126984127 0.018353174603174604 0.02943121693121693
0 0.2408234126984127 0.7837301587301587 0.0220734126984127 0.045304232804232805
2 0.24454365079365079 0.8336640211640212 0.03521825396825397 0.04298941798941799
0 0.30158730158730157 0.8746693121693122 0.025297619047619048 0.04728835978835979
4 0.33382936507936506 0.9047619047619048 0.03249007936507937 0.04497354497354497
1 0.2353670634920635 0.8819444444444444 0.02554563492063492 0.026785714285714284
