0 0.44990079365079366 0.2681878306878307 0.015625 0.04861111111111111
2 0.4575892857142857 0.30654761904761907 0.034970238095238096 0.0333994708994709
0 0.4868551587301587 0.3296957671957672 0.03546626984126984 0.023809523809523808
0 0.390625 0.3544973544973545 0.03422619047619048 0.027116402116402115
2 0.3529265873015873 0.3435846560846561 0.031001984126984128 0.04365079365079365
2 0.5188492063492064 0.34953703703703703 0.02132936507936508 0.040674603174603176
0 0.33407738095238093 0.47354497354497355 0.03298611111111111 0.02414021164021164
0 0.39186507936507936 0.4718915343915344 0.03373015873015873 0.03042328042328042
2 0.41393849206349204 0.45006613756613756 0.0339781746031746 0.031084656084656083
0 0.48735119047619047 0.458994708994709 0.03249007936507937 0.0333994708994709
0 0.36681547619047616 0.5363756613756614 0.014136904761904762 0.046957671957671955
2 0.3705357142857143 0.5740740740740741 0.037698412698412696 0.028439153439153438
1 0.326140873015873 0.6170634920634921 0.02554563492063492 0.023809523809523808
0 0.4312996031746032 0.6643518518518519 0.012152777777777778 0.04794973544973545
0 0.408234126984127 0.7166005291005291 0.031001984126984128 0.037037037037037035
1 0.49181547619047616 0.7384259259259259 0.02554563492063492 0.035383597883597885
0 0.4972718253968254 0.7833994708994709 0.009672619047619048 0.04894179894179894
0 0.5126488095238095 0.707010582010582 0.033482142857142856 0.02943121693121693
2 0.5372023809523809 0.6755952380952381 0.034722222222222224 0.02976190476190476
0 0.45163690476190477 0.58994708994709 0.03149801587301587 0.031746031746031744
0 0.4749503968253968 0.53505291005291 0.01488095238095238 0.046957671957671955
2 0.5337301587301587 0.6041666666666666 0.031001984126984128 0.04431216931216931
1 0.5823412698412699 0.5525793650793651 0.020089285714285716 0.031746031746031744
0 0.6517857142857143 0.6458333333333334 0.014632936507936508 0.05291005291005291
2 0.6039186507936508 0.7361111111111112 0.025049603174603176 0.050595238095238096
0 0.6063988095238095 0.7933201058201058 0.008680555555555556 0.0496031746031746
0 0.6840277777777778 0.7020502645502645 0.03869047619047619 0.03505291005291005
1 0.6478174603174603 0.5945767195767195 0.022817460317460316 0.03306878306878307
0 0.582093253968254 0.5013227513227513 0.014632936507936508 0.05125661375661376
1 0.5798611111111112 0.4652777777777778 0.022321428571428572 0.01984126984126984
0 0.7425595238095238 0.5661375661375662 0.040674603174603176 0.026455026455026454
1 0.7041170634920635 0.5370370370370371 0.026041666666666668 0.037037037037037035
2 0.6951884920634921 0.45866402116402116 0.03447420634920635 0.0419973544973545
0 0.6091269841269841 0.43716931216931215 0.03422619047619048 0.03373015873015873
1 0.6297123015873016 0.3726851851851852 0.014384920634920634 0.05026455026455026
0 0.6557539682539683 0.2906746031746032 0.034970238095238096 0.03935185185185185
0 0.5982142857142857 0.30753968253968256 0.03571428571428571 0.03141534391534392
1 0.5652281746031746 0.2800925925925926 0.018353174603174604 0.03042328042328042
1 0.5617559523809523 0.2152777777777778 0.0220734126984127 0.035383597883597885
0 0.14583333333333334 0.10515873015873016 0.024305555555555556 0.04265873015873016
0 0.21155753968253968 0.06382275132275132 0.031746031746031744 0.031084656084656083
4 0.29712301587301587 0.8786375661375662 0.033234126984126984 0.04133597883597884
2 0.21378968253968253 0.8025793650793651 0.036210317460317464 0.04265873015873016
0 0.2130456349206349 0.7546296296296297 0.021825396825396824 0.04431216931216931
3 0.609375 0.23974867724867724 0.03521825396825397 0.046957671957671955
3 0.5124007936507936 0.2771164021164021 0.03422619047619048 0.04563492063492063
3 0.3993055555555556 0.29894179894179895 0.032242063492063495 0.04298941798941799
3 0.4704861111111111 0.3878968253968254 0.031746031746031744 0.042328042328042326
3 0.5600198412698413 0.4011243386243386 0.03373015873015873 0.04497354497354497
3 0.36235119047619047 0.4193121693121693 0.03273809523809524 0.04365079365079365
3 0.6974206349206349 0.3862433862433862 0.034722222222222224 0.046296296296296294
3 0.6369047619047619 0.48908730158730157 0.034722222222222224 0.046296296296296294
3 0.7668650793650794 0.49933862433862436 0.03670634920634921 0.04894179894179894
3 0.7256944444444444 0.6362433862433863 0.037698412698412696 0.05026455026455026
3 0.6049107142857143 0.6349206349206349 0.036210317460317464 0.04828042328042328
3 0.4833829365079365 0.6593915343915344 0.034722222222222224 0.046296296296296294
3 0.37971230158730157 0.6789021164021164 0.034722222222222224 0.046296296296296294
3 0.5245535714285714 0.7718253968253969 0.03571428571428571 0.047619047619047616
3 0.6626984126984127 0.7781084656084656 0.034722222222222224 0.046296296296296294
3 0.43005952380952384 0.5459656084656085 0.032242063492063495 0.04298941798941799
3 0.3167162698412698 0.5638227513227513 0.033234126984126984 0.04431216931216931
3 0.5367063492063492 0.5095899470899471 0.034722222222222224 0.046296296296296294
