2 0.5902777777777778 0.476521164021164 0.09523809523809523 0.15343915343915343
1 0.6594742063492064 0.36474867724867727 0.056051587301587304 0.082010582010582
0 0.6996527777777778 0.38822751322751325 0.09449404761904762 0.1431878306878307
0 0.5252976190476191 0.2708333333333333 0.11433531746031746 0.06779100529100529
1 0.4573412698412698 0.4837962962962963 0.07614087301587301 0.10515873015873016
1 0.5173611111111112 0.4573412698412698 0.08060515873015874 0.10515873015873016
2 0.5905257936507936 0.31216931216931215 0.08705357142857142 0.14484126984126985
0 0.6245039682539683 0.32771164021164023 0.07886904761904762 0.15575396825396826
1 0.519593253968254 0.7516534391534392 0.05828373015873016 0.11078042328042328
0 0.5726686507936508 0.763558201058201 0.0882936507936508 0.1431878306878307
