3 0.39037698412698413 0.230489417989418 0.03422619047619048 0.04828042328042328
3 0.49528769841269843 0.226521164021164 0.036210317460317464 0.04828042328042328
3 0.6202876984126984 0.24107142857142858 0.037698412698412696 0.051587301587301584
3 0.341765873015873 0.35615079365079366 0.036210317460317464 0.04828042328042328
3 0.4283234126984127 0.3835978835978836 0.03422619047619048 0.04828042328042328
3 0.5414186507936508 0.3673941798941799 0.036210317460317464 0.051587301587301584
4 0.6785714285714286 0.38095238095238093 0.025297619047619048 0.04034391534391534
3 0.2725694444444444 0.5132275132275133 0.03422619047619048 0.05026455026455026
3 0.3950892857142857 0.5132275132275133 0.036210317460317464 0.046957671957671955
3 0.4801587301587302 0.5009920634920635 0.036210317460317464 0.05026455026455026
3 0.6135912698412699 0.515542328042328 0.03869047619047619 0.05026455026455026
3 0.7259424603174603 0.5373677248677249 0.04117063492063492 0.05357142857142857
3 0.3246527777777778 0.6180555555555556 0.036210317460317464 0.04828042328042328
3 0.4134424603174603 0.6352513227513228 0.036210317460317464 0.04828042328042328
3 0.5463789682539683 0.6319444444444444 0.04017857142857143 0.05026455026455026
3 0.6780753968253969 0.65244708994709 0.04117063492063492 0.05357142857142857
3 0.376984126984127 0.765542328042328 0.03521825396825397 0.046957671957671955
3 0.47842261904761907 0.7771164021164021 0.037698412698412696 0.051587301587301584
3 0.6140873015873016 0.7939814814814815 0.03869047619047619 0.051587301587301584
0 0.16468253968253968 0.09689153439153439 0.028273809523809524 0.04563492063492063
0 0.16592261904761904 0.07208994708994709 0.029017857142857144 0.045965608465608467
0 0.8665674603174603 0.08167989417989419 0.0441468253968254 0.03802910052910053
0 0.9052579365079365 0.09788359788359788 0.037698412698412696 0.05092592592592592
0 0.8544146825396826 0.12400793650793651 0.013392857142857142 0.05654761904761905
0 0.8256448412698413 0.15575396825396826 0.038938492063492064 0.047619047619047616
0 0.8263888888888888 0.18353174603174602 0.026785714285714284 0.05588624338624339
0 0.839781746031746 0.1832010582010582 0.026785714285714284 0.05588624338624339
0 0.8670634920634921 0.15674603174603174 0.03869047619047619 0.046957671957671955
0 0.8888888888888888 0.16170634920634921 0.03149801587301587 0.05720899470899471
0 0.892609126984127 0.1832010582010582 0.034970238095238096 0.05291005291005291
0 0.9040178571428571 0.21064814814814814 0.02554563492063492 0.05654761904761905
0 0.8246527777777778 0.23445767195767195 0.044890873015873016 0.02976190476190476
0 0.7951388888888888 0.2447089947089947 0.019593253968253968 0.05423280423280423
1 0.8804563492063492 0.2414021164021164 0.03149801587301587 0.03835978835978836
1 0.8963293650793651 0.26421957671957674 0.033482142857142856 0.03902116402116402
0 0.8797123015873016 0.29662698412698413 0.03521825396825397 0.04828042328042328
0 0.8821924603174603 0.7724867724867724 0.03695436507936508 0.04828042328042328
0 0.9203869047619048 0.7592592592592593 0.046130952380952384 0.0205026455026455
1 0.9025297619047619 0.781415343915344 0.0248015873015873 0.03935185185185185
0 0.8234126984126984 0.8931878306878307 0.037450396825396824 0.04828042328042328
0 0.8152281746031746 0.9292328042328042 0.043154761904761904 0.03009259259259259
0 0.8325892857142857 0.9050925925925926 0.03695436507936508 0.04794973544973545
1 0.8993055555555556 0.8855820105820106 0.03273809523809524 0.040674603174603176
1 0.9223710317460317 0.8786375661375662 0.030257936507936508 0.04133597883597884
1 0.8454861111111112 0.9166666666666666 0.03125 0.03835978835978836
2 0.4384920634920635 0.2781084656084656 0.03149801587301587 0.04828042328042328
2 0.37797619047619047 0.32506613756613756 0.03670634920634921 0.041005291005291
1 0.49181547619047616 0.3326719576719577 0.026537698412698412 0.03571428571428571
0 0.5314980158730159 0.3002645502645503 0.036210317460317464 0.036044973544973546
0 0.5562996031746031 0.2466931216931217 0.010912698412698412 0.05257936507936508
2 0.6108630952380952 0.33134920634920634 0.03149801587301587 0.027116402116402115
1 0.7237103174603174 0.4398148148148148 0.023809523809523808 0.03406084656084656
1 0.6750992063492064 0.47585978835978837 0.027777777777777776 0.028439153439153438
2 0.5401785714285714 0.476521164021164 0.03546626984126984 0.03869047619047619
1 0.48908730158730157 0.4252645502645503 0.02628968253968254 0.032407407407407406
0 0.45461309523809523 0.44841269841269843 0.03546626984126984 0.03736772486772487
0 0.3993055555555556 0.4398148148148148 0.03695436507936508 0.0248015873015873
1 0.4303075396825397 0.4603174603174603 0.026041666666666668 0.03406084656084656
0 0.4320436507936508 0.5089285714285714 0.009176587301587302 0.04894179894179894
0 0.3462301587301587 0.44113756613756616 0.03546626984126984 0.03306878306878307
0 0.29191468253968256 0.43816137566137564 0.033234126984126984 0.03406084656084656
0 0.3194444444444444 0.49867724867724866 0.011904761904761904 0.04894179894179894
2 0.3162202380952381 0.5433201058201058 0.03720238095238095 0.03373015873015873
1 0.3663194444444444 0.5896164021164021 0.027777777777777776 0.034722222222222224
0 0.3678075396825397 0.6332671957671958 0.01066468253968254 0.05092592592592592
0 0.4476686507936508 0.5740740740740741 0.034722222222222224 0.03406084656084656
0 0.5161210317460317 0.580026455026455 0.036458333333333336 0.036044973544973546
0 0.5714285714285714 0.5859788359788359 0.03571428571428571 0.03968253968253968
0 0.6488095238095238 0.5906084656084656 0.03670634920634921 0.03802910052910053
0 0.6879960317460317 0.5922619047619048 0.03794642857142857 0.03141534391534392
2 0.6535218253968254 0.7529761904761905 0.033482142857142856 0.05026455026455026
2 0.5939980158730159 0.7056878306878307 0.03125 0.05092592592592592
2 0.53125 0.7549603174603174 0.028273809523809524 0.0496031746031746
0 0.529265873015873 0.810515873015873 0.008928571428571428 0.05357142857142857
2 0.4146825396825397 0.8131613756613757 0.036458333333333336 0.03505291005291005
0 0.4191468253968254 0.7718253968253969 0.01066468253968254 0.051587301587301584
0 0.4781746031746032 0.656084656084656 0.009672619047619048 0.051587301587301584
0 0.49702380952380953 0.7126322751322751 0.036210317460317464 0.04034391534391534
1 0.36904761904761907 0.6881613756613757 0.018849206349206348 0.03207671957671958
0 0.33779761904761907 0.705026455026455 0.034970238095238096 0.03670634920634921
