3 0.40500992063492064 0.32936507936507936 0.03373015873015873 0.046296296296296294
3 0.3881448412698413 0.4755291005291005 0.03273809523809524 0.04497354497354497
3 0.5002480158730159 0.43386243386243384 0.03273809523809524 0.04497354497354497
3 0.47371031746031744 0.566468253968254 0.030753968253968252 0.04365079365079365
3 0.4417162698412698 0.6881613756613757 0.03571428571428571 0.05026455026455026
3 0.5359623015873016 0.8277116402116402 0.034722222222222224 0.051587301587301584
3 0.5763888888888888 0.6755952380952381 0.03670634920634921 0.04894179894179894
3 0.5982142857142857 0.517526455026455 0.03670634920634921 0.04894179894179894
3 0.6217757936507936 0.36144179894179895 0.03571428571428571 0.046296296296296294
3 0.5220734126984127 0.2701719576719577 0.03373015873015873 0.046296296296296294
3 0.6217757936507936 0.22255291005291006 0.034722222222222224 0.047619047619047616
3 0.7172619047619048 0.3247354497354497 0.03670634920634921 0.046296296296296294
3 0.6800595238095238 0.4636243386243386 0.03968253968253968 0.04894179894179894
3 0.6845238095238095 0.6044973544973545 0.03670634920634921 0.05026455026455026
3 0.6609623015873016 0.7936507936507936 0.03968253968253968 0.05291005291005291
3 0.7715773809523809 0.7423941798941799 0.03869047619047619 0.05291005291005291
3 0.7879464285714286 0.5932539682539683 0.040674603174603176 0.04894179894179894
3 0.8090277777777778 0.39715608465608465 0.03869047619047619 0.05026455026455026
4 0.21626984126984128 0.533068783068783 0.036458333333333336 0.02976190476190476
0 0.43452380952380953 0.5168650793650794 0.029513888888888888 0.04332010582010582
0 0.3878968253968254 0.5300925925925926 0.03695436507936508 0.017195767195767195
0 0.4146825396825397 0.6656746031746031 0.030257936507936508 0.0419973544973545
1 0.4357638888888889 0.6296296296296297 0.020089285714285716 0.03042328042328042
0 0.46899801587301587 0.628968253968254 0.03521825396825397 0.02513227513227513
0 0.48834325396825395 0.7817460317460317 0.03050595238095238 0.042328042328042326
2 0.5188492063492064 0.7420634920634921 0.027281746031746032 0.04728835978835979
0 0.5962301587301587 0.7982804232804233 0.021825396825396824 0.05324074074074074
0 0.7160218253968254 0.763558201058201 0.024305555555555556 0.05324074074074074
0 0.6049107142857143 0.7265211640211641 0.029513888888888888 0.04794973544973545
1 0.6319444444444444 0.6878306878306878 0.022321428571428572 0.037698412698412696
1 0.7068452380952381 0.7076719576719577 0.020833333333333332 0.036375661375661374
1 0.7450396825396826 0.6418650793650794 0.0220734126984127 0.04431216931216931
1 0.607390873015873 0.593915343915344 0.023561507936507936 0.03406084656084656
2 0.5042162698412699 0.6359126984126984 0.029513888888888888 0.041666666666666664
2 0.5424107142857143 0.5773809523809523 0.01984126984126984 0.04332010582010582
0 0.4898313492063492 0.48544973544973546 0.03447420634920635 0.01984126984126984
0 0.5389384920634921 0.4685846560846561 0.025793650793650792 0.04431216931216931
0 0.6371527777777778 0.5558862433862434 0.02976190476190476 0.046296296296296294
1 0.6567460317460317 0.5304232804232805 0.027281746031746032 0.03505291005291005
0 0.6939484126984127 0.5416666666666666 0.040426587301587304 0.0205026455026455
0 0.7477678571428571 0.5138888888888888 0.03050595238095238 0.04662698412698413
0 0.8152281746031746 0.48313492063492064 0.04117063492063492 0.021825396825396824
0 0.763640873015873 0.43584656084656087 0.023809523809523808 0.05257936507936508
0 0.591765873015873 0.42923280423280424 0.03571428571428571 0.022156084656084655
0 0.513640873015873 0.33796296296296297 0.036458333333333336 0.023809523809523808
2 0.5436507936507936 0.34656084656084657 0.02628968253968254 0.04927248677248677
0 0.4585813492063492 0.3621031746031746 0.03125 0.045965608465608467
2 0.4399801587301587 0.392526455026455 0.026537698412698412 0.047619047619047616
1 0.3836805555555556 0.3759920634920635 0.02058531746031746 0.03306878306878307
0 0.470734126984127 0.2814153439153439 0.021825396825396824 0.04662698412698413
2 0.6592261904761905 0.28869047619047616 0.027281746031746032 0.045304232804232805
2 0.5629960317460317 0.20734126984126985 0.03447420634920635 0.03670634920634921
0 0.5813492063492064 0.2533068783068783 0.01488095238095238 0.049933862433862435
0 0.6788194444444444 0.2533068783068783 0.025049603174603176 0.045965608465608467
2 0.6815476190476191 0.38392857142857145 0.033482142857142856 0.04365079365079365
1 0.7552083333333334 0.38227513227513227 0.027777777777777776 0.032407407407407406
1 0.7911706349206349 0.33101851851851855 0.02554563492063492 0.037698412698412696
0 0.6696428571428571 0.335978835978836 0.022569444444444444 0.04927248677248677
0 0.3869047619047619 0.8878968253968254 0.026041666666666668 0.05191798941798942
0 0.3072916666666667 0.8687169312169312 0.034970238095238096 0.03968253968253968
1 0.3020833333333333 0.90244708994709 0.025297619047619048 0.04265873015873016
0 0.2105654761904762 0.47685185185185186 0.020089285714285716 0.047619047619047616
0 0.18601190476190477 0.5042989417989417 0.03422619047619048 0.0248015873015873
1 0.19345238095238096 0.48048941798941797 0.017361111111111112 0.02976190476190476
0 0.22123015873015872 0.35648148148148145 0.021825396825396824 0.04794973544973545
1 0.16170634920634921 0.416005291005291 0.025297619047619048 0.027116402116402115
1 0.16319444444444445 0.3816137566137566 0.018353174603174604 0.03902116402116402
1 0.31994047619047616 0.9189814814814815 0.028521825396825396 0.040013227513227514
0 0.30927579365079366 0.9451058201058201 0.010912698412698412 0.037037037037037035
