0 0.09433962264150944 0.6886792452830188 0.07389937106918239 0.08254716981132075
0 0.139937106918239 0.5919811320754716 0.03930817610062893 0.09433962264150944
0 0.22327044025157233 0.6462264150943396 0.08018867924528301 0.0330188679245283
1 0.28459119496855345 0.6273584905660378 0.05345911949685535 0.08018867924528301
0 0.34276729559748426 0.5825471698113207 0.06132075471698113 0.07783018867924528
0 0.43553459119496857 0.5188679245283019 0.0770440251572327 0.03537735849056604
1 0.4591194968553459 0.75 0.05188679245283019 0.06839622641509434
0 0.5110062893081762 0.6910377358490566 0.06918238993710692 0.09433962264150944
0 0.6242138364779874 0.6367924528301887 0.08333333333333333 0.030660377358490566
1 0.7028301886792453 0.6320754716981132 0.05188679245283019 0.08726415094339622
0 0.8474842767295597 0.5094339622641509 0.08176100628930817 0.049528301886792456
1 0.9433962264150944 0.49764150943396224 0.04874213836477988 0.06839622641509434
0 0.9842767295597484 0.44575471698113206 0.031446540880503145 0.08962264150943396
0 0.5377358490566038 0.5825471698113207 0.040880503144654086 0.09198113207547169
1 0.5125786163522013 0.5117924528301887 0.050314465408805034 0.07311320754716981
0 0.5738993710691824 0.45990566037735847 0.0660377358490566 0.08018867924528301
0 0.7515723270440252 0.45754716981132076 0.04559748427672956 0.08254716981132075
0 0.6415094339622641 0.419811320754717 0.08018867924528301 0.03773584905660377
1 0.7389937106918238 0.39622641509433965 0.05188679245283019 0.0589622641509434
0 0.059748427672955975 0.5283018867924528 0.07389937106918239 0.030660377358490566
0 0.15566037735849056 0.49764150943396224 0.07075471698113207 0.07547169811320754
1 0.22012578616352202 0.4221698113207547 0.04716981132075472 0.07783018867924528
0 0.5204402515723271 0.3231132075471698 0.07232704402515723 0.0330188679245283
1 0.44654088050314467 0.3231132075471698 0.050314465408805034 0.05660377358490566
4 0.6886792452830188 0.2688679245283019 0.04559748427672956 0.1320754716981132
3 0.39937106918238996 0.8797169811320755 0.09119496855345911 0.09905660377358491
3 0.6336477987421384 0.7523584905660378 0.09119496855345911 0.08018867924528301
3 0.4229559748427673 0.6438679245283019 0.07861635220125786 0.08490566037735849
3 0.6430817610062893 0.5283018867924528 0.07547169811320754 0.07547169811320754
3 0.25157232704402516 0.5400943396226415 0.07861635220125786 0.07547169811320754
3 0.8411949685534591 0.6509433962264151 0.08490566037735849 0.07547169811320754
3 0.8726415094339622 0.4386792452830189 0.08490566037735849 0.07547169811320754
3 0.020440251572327043 0.6839622641509434 0.07861635220125786 0.07547169811320754
