3 0.3680555555555556 0.37665343915343913 0.031746031746031744 0.04365079365079365
3 0.46478174603174605 0.4150132275132275 0.03273809523809524 0.046296296296296294
3 0.37103174603174605 0.5142195767195767 0.03273809523809524 0.042328042328042326
3 0.4781746031746032 0.58994708994709 0.03670634920634921 0.04894179894179894
3 0.373015873015873 0.685515873015873 0.03273809523809524 0.04497354497354497
3 0.4756944444444444 0.7579365079365079 0.034722222222222224 0.046296296296296294
3 0.6550099206349206 0.7513227513227513 0.037698412698412696 0.05026455026455026
3 0.5724206349206349 0.6673280423280423 0.037698412698412696 0.05026455026455026
3 0.7889384920634921 0.6653439153439153 0.03968253968253968 0.051587301587301584
3 0.683531746031746 0.5625 0.03670634920634921 0.051587301587301584
3 0.5704365079365079 0.48677248677248675 0.034722222222222224 0.04365079365079365
3 0.6589781746031746 0.4037698412698413 0.03670634920634921 0.04894179894179894
3 0.5558035714285714 0.37202380952380953 0.034722222222222224 0.046296296296296294
3 0.46875 0.291005291005291 0.03373015873015873 0.04365079365079365
3 0.5453869047619048 0.2013888888888889 0.034722222222222224 0.04497354497354497
3 0.6775793650793651 0.27645502645502645 0.037698412698412696 0.046296296296296294
3 0.7829861111111112 0.333994708994709 0.03869047619047619 0.05026455026455026
3 0.792906746031746 0.4861111111111111 0.040674603174603176 0.04894179894179894
0 0.14682539682539683 0.18386243386243387 0.031001984126984128 0.04133597883597884
0 0.1775793650793651 0.21693121693121692 0.033234126984126984 0.031084656084656083
0 0.11433531746031746 0.28075396825396826 0.029265873015873016 0.04398148148148148
0 0.11458333333333333 0.4017857142857143 0.023809523809523808 0.046296296296296294
0 0.06001984126984127 0.357473544973545 0.03125 0.03141534391534392
0 0.08680555555555555 0.30423280423280424 0.03447420634920635 0.023809523809523808
1 0.11135912698412699 0.435515873015873 0.023313492063492064 0.0333994708994709
0 0.09275793650793651 0.4169973544973545 0.03249007936507937 0.01455026455026455
0 0.1297123015873016 0.3521825396825397 0.023313492063492064 0.044642857142857144
0 0.5151289682539683 0.6197089947089947 0.023809523809523808 0.05026455026455026
0 0.5208333333333334 0.7056878306878307 0.027281746031746032 0.05092592592592592
0 0.5166170634920635 0.7764550264550265 0.022817460317460316 0.051587301587301584
1 0.39856150793650796 0.730489417989418 0.023809523809523808 0.022486772486772486
2 0.43005952380952384 0.6567460317460317 0.03447420634920635 0.02414021164021164
0 0.41369047619047616 0.623015873015873 0.025297619047619048 0.047619047619047616
0 0.35987103174603174 0.5830026455026455 0.03720238095238095 0.017526455026455025
0 0.4149305555555556 0.5416666666666666 0.026785714285714284 0.04563492063492063
0 0.37624007936507936 0.4348544973544973 0.036458333333333336 0.010912698412698412
2 0.33705357142857145 0.44246031746031744 0.022321428571428572 0.03935185185185185
2 0.4310515873015873 0.5072751322751323 0.033482142857142856 0.021494708994708994
0 0.5042162698412699 0.4695767195767196 0.023561507936507936 0.04497354497354497
0 0.5181051587301587 0.5496031746031746 0.027777777777777776 0.04563492063492063
1 0.6081349206349206 0.7390873015873016 0.025049603174603176 0.026785714285714284
0 0.6304563492063492 0.7824074074074074 0.025297619047619048 0.051587301587301584
0 0.7403273809523809 0.7139550264550265 0.026537698412698412 0.05423280423280423
2 0.7172619047619048 0.658068783068783 0.03571428571428571 0.045304232804232805
0 0.6173115079365079 0.6947751322751323 0.028521825396825396 0.04497354497354497
2 0.6326884920634921 0.6448412698412699 0.03249007936507937 0.03042328042328042
2 0.5999503968253969 0.5753968253968254 0.03422619047619048 0.035383597883597885
1 0.6294642857142857 0.4973544973544973 0.026041666666666668 0.036044973544973546
1 0.7061011904761905 0.4923941798941799 0.029265873015873016 0.035383597883597885
0 0.7291666666666666 0.5403439153439153 0.031001984126984128 0.046957671957671955
0 0.7814980158730159 0.5724206349206349 0.04290674603174603 0.015873015873015872
1 0.7393353174603174 0.40476190476190477 0.029513888888888888 0.031084656084656083
0 0.7854662698412699 0.4083994708994709 0.04290674603174603 0.01984126984126984
2 0.7021329365079365 0.3376322751322751 0.033234126984126984 0.03406084656084656
0 0.6101190476190477 0.45006613756613756 0.030009920634920636 0.04662698412698413
1 0.5967261904761905 0.4166666666666667 0.026785714285714284 0.03141534391534392
0 0.6140873015873016 0.375 0.025049603174603176 0.04927248677248677
0 0.6103670634920635 0.30257936507936506 0.03050595238095238 0.04828042328042328
2 0.49950396825396826 0.3501984126984127 0.028025793650793652 0.045965608465608467
0 0.46205357142857145 0.35085978835978837 0.03720238095238095 0.01951058201058201
2 0.4260912698412698 0.3492063492063492 0.03249007936507937 0.02546296296296296
0 0.4072420634920635 0.3167989417989418 0.027281746031746032 0.03968253968253968
0 0.5595238095238095 0.26521164021164023 0.036458333333333336 0.016534391534391533
1 0.5193452380952381 0.2605820105820106 0.020337301587301588 0.03802910052910053
1 0.49404761904761907 0.20502645502645503 0.026041666666666668 0.03869047619047619
0 0.6059027777777778 0.2166005291005291 0.023561507936507936 0.05125661375661376
0 0.798859126984127 0.8974867724867724 0.041914682539682536 0.0248015873015873
0 0.8727678571428571 0.9361772486772487 0.037698412698412696 0.0496031746031746
0 0.8526785714285714 0.9345238095238095 0.04092261904761905 0.047619047619047616
0 0.9836309523809523 0.23247354497354497 0.024305555555555556 0.05423280423280423
0 0.9806547619047619 0.10681216931216932 0.0339781746031746 0.03869047619047619
0 0.9801587301587301 0.12235449735449735 0.03695436507936508 0.03935185185185185
1 0.984375 0.16832010582010581 0.029513888888888888 0.036375661375661374
1 0.18501984126984128 0.2671957671957672 0.023313492063492064 0.03009259259259259
