3 1564 706 122 130>
3 1954 698 142 130>
3 2407 742 134 138>
3 1393 1052 126 134>
3 1713 1126 130 130>
3 2121 1091 134 130>
3 1140 1487 126 130>
3 1589 1473 130 122>
3 1901 1444 130 126>
3 2384 1487 134 130>
3 2776 1542 142 138>
3 1334 1768 130 130>
3 1664 1811 138 130>
3 2146 1799 134 126>
3 2602 1846 142 134>
3 1525 2168 122 150>
3 1899 2188 138 138>
3 2380 2225 134 134>
4 2610 1126 86 90>
2 1745 835 120 128
2 1525 962 133 110
1 1944 987 98 97
2 2368 987 110 73
0 1389 52 140 71
2 1233 42 95 83
0 723 324 109 126
0 727 254 110 129
0 1127 49 85 97
0 3414 360 124 143
0 3278 315 153 99
0 3232 432 44 153
2 3332 391 130 158
0 3131 517 137 128
0 3132 596 92 152
0 3180 590 92 151
0 3277 518 140 126
0 3354 535 109 151
0 3367 593 125 146
0 3407 667 88 154
1 3323 748 105 108
0 3127 729 153 72
0 3023 760 59 150
1 3376 812 112 101
1 3320 900 123 129
1 2767 1278 75 90
1 2592 1376 93 79
0 2175 754 37 139
0 2085 901 134 102
0 1209 1275 129 101
0 1411 1285 132 95
0 1606 1281 144 76
1 1719 1340 93 98
0 1807 1305 128 104
0 1727 1466 37 133
0 1785 1643 130 94
0 2029 1659 131 92
1 1932 1239 98 85
1 2366 1259 86 90
2 2119 1379 129 112
0 1312 1439 44 134
2 1302 1564 132 97
1 1484 1692 103 92
0 1493 1811 42 137
0 1897 1865 38 140
1 1499 1957 68 89
0 1383 2007 131 100
0 1681 2184 44 137
2 1666 2292 129 102
0 989 2871 100 131
0 1966 2016 127 108
2 2085 2127 100 136
0 2081 2278 39 149
2 2308 1993 117 132
2 2519 2117 123 130
0 3089 2581 150 77
0 3117 2482 126 133
0 3149 2515 128 129
2 3284 2441 135 157
1 3466 2443 106 109
2 1123 2752 125 143
1 3392 2188 89 96
0 3322 2161 127 134
0 3459 2127 157 56
