3 1484 1139 128 132>
3 1874 1255 132 140>
3 1496 1555 132 128>
3 1928 1784 148 148>
3 1504 2073 132 136>
3 1918 2292 140 140>
3 2641 2272 152 152>
3 2308 2018 152 152>
3 3181 2012 160 156>
3 2756 1701 148 156>
3 2300 1472 140 132>
3 2657 1221 148 148>
3 2241 1125 140 140>
3 1890 880 136 132>
3 2199 609 140 136>
3 2732 836 152 140>
3 3157 1010 156 152>
3 3197 1470 164 148>
0 592 556 125 125
0 716 656 134 94
0 461 849 118 133
0 462 1215 96 140
0 242 1081 126 95
0 350 920 139 72
1 449 1317 94 101
0 374 1261 131 44
0 523 1065 94 135
0 2077 1874 96 152
0 2100 2134 110 154
0 2083 2348 92 156
1 1607 2209 96 68
2 1734 1986 139 73
0 1668 1884 102 144
0 1451 1763 150 53
0 1673 1638 108 138
0 1517 1315 147 33
2 1359 1338 90 119
2 1738 1534 135 65
0 2033 1420 95 136
0 2089 1662 112 138
1 2452 2235 101 81
0 2542 2366 102 156
0 2985 2159 107 164
2 2892 1990 144 137
0 2489 2101 115 136
2 2551 1950 131 92
2 2419 1740 138 107
1 2538 1504 105 109
1 2847 1489 118 107
0 2940 1634 125 142
0 3151 1731 173 48
1 2981 1224 119 94
0 3167 1235 173 60
2 2831 1021 134 103
0 2460 1361 121 141
1 2406 1260 108 95
0 2476 1134 101 149
0 2461 915 123 146
2 2014 1059 113 139
0 1863 1061 150 59
2 1718 1056 131 77
0 1642 958 110 120
0 2256 802 147 50
1 2094 788 82 115
1 1992 620 105 117
0 2443 655 95 155
0 3221 2714 169 75
0 3519 2831 152 150
0 3438 2826 165 144
0 3966 703 98 164
0 3954 323 137 117
0 3952 370 149 119
1 3969 509 119 110
1 746 808 94 91
