0 2373 756 98 172
3 1241 999 156 156
3 1651 1339 132 132
3 1178 1533 124 124
3 1185 1982 118 118
3 1582 2192 118 118
3 1680 1835 124 124
3 2061 1611 126 126
3 2091 1969 116 116
3 2083 2475 112 112
3 2408 2257 126 126
3 2863 2050 132 132
3 2466 1888 126 126
3 2474 1339 124 124
3 2917 1627 134 134
3 2981 1075 134 134
3 2127 1056 142 142
3 2555 798 140 140
3 2198 583 154 154
0 2368 916 114 155
0 2288 1749 106 146
0 2085 1811 158 35
0 1895 1715 113 143
0 3025 1424 162 36
2 2718 1152 165 128
2 1534 1048 81 133
1 1895 578 109 93
2 1995 1357 126 145
2 2857 1413 150 118
1 1526 1552 113 110
1 2636 2077 99 79
2 2178 2293 109 150
0 2545 1624 158 39
0 2722 1551 123 148
0 2682 2204 106 140
0 1847 2394 111 140
0 1864 2165 101 140
2 1496 2036 133 155
0 1429 1385 110 150
1 1826 1570 103 113
1 1853 1065 109 106
0 1258 1273 162 47
0 2315 1471 106 150
2 2865 903 153 143
0 1865 1944 86 157
0 2038 2279 158 54
1 2329 2086 101 111
0 2464 2076 152 47
0 2897 1872 153 46
2 3016 1897 115 150
2 1350 1781 145 136
1 2003 792 89 103
4 1704 773 98 98
0 1238 127 87 188
0 1272 257 174 68
0 981 116 146 169
0 1076 116 183 114
0 1074 60 179 116
0 3309 215 140 159
0 3422 257 99 172
0 3345 180 144 140
1 3389 131 122 124
0 3415 82 155 132
0 3727 2760 148 120
0 3611 2645 141 114
0 3924 2485 144 126
2 3496 2498 151 140
1 3609 2488 99 88
0 3898 2257 88 150
0 3991 2110 75 152
0 253 2727 72 149
0 342 2677 71 152
2 357 2858 175 116
0 424 2174 81 158
0 352 2172 103 154
0 411 2471 137 99
0 407 2514 136 95
1 402 2351 118 110
1 532 2440 110 82
