0 2211 692 85 149
1 2117 829 90 100
2 1893 846 127 128
0 1442 957 94 130
0 1645 1066 146 48
0 1461 1166 90 136
1 1368 1285 105 78
1 1194 1281 96 77
2 1528 1470 126 71
0 1460 1592 91 135
2 1381 1695 118 120
0 1271 1718 121 36
0 1823 1635 84 126
0 1485 1994 90 126
2 1430 2133 129 118
2 1759 1923 117 127
0 1813 2032 83 146
0 2003 2164 144 43
0 1801 2277 85 138
2 2110 2163 114 142
1 2227 2382 92 112
0 2408 1943 141 43
0 2569 2064 106 145
1 2655 1714 95 101
0 2563 1613 73 136
0 2799 1710 149 36
2 2470 1493 93 128
0 2843 1262 149 40
2 2659 1252 126 95
0 2584 936 104 144
0 2411 1049 146 54
1 2258 1046 92 77
1 2124 1286 92 67
0 1980 1279 137 40
1 1875 1271 65 81
0 1814 1153 91 133
2 2250 1494 131 113
0 2035 1710 136 35
0 2193 1826 91 139
3 2043 596 132 132
3 1712 825 126 126
3 1294 1121 122 122
3 1694 1332 120 120
3 1336 1478 120 120
3 1617 1675 124 124
3 1334 1922 124 124
3 1655 2135 126 126
3 2066 2396 128 128
3 2450 2173 128 128
3 2055 1897 120 120
3 2408 1715 130 130
3 2771 1581 142 142
3 2372 1221 132 132
3 1992 1453 132 132
3 2814 1036 140 140
3 1968 1065 132 132
3 2404 771 134 134
4 3071 2648 106 133
0 2974 2792 152 87
0 599 2600 67 137
2 740 2733 141 114
0 449 2344 66 136
1 3710 1581 121 81
0 3611 1635 76 158
0 3399 1352 79 158
