0 448 484 133 101
0 523 529 139 61
0 676 513 116 88
0 709 506 118 92
1 807 443 81 100
0 931 334 126 132
0 957 390 130 116
0 435 880 64 133
0 460 945 66 137
0 2840 246 127 142
0 3209 237 169 107
1 3135 90 129 122
1 3222 124 123 119
0 3867 1498 91 173
1 3956 1481 99 104
0 3861 1939 98 167
0 2000 662 93 156
0 2423 643 130 148
2 2302 778 98 153
0 1982 870 105 146
0 1579 828 99 146
1 1620 978 71 101
1 1882 998 90 105
2 1493 1166 100 126
1 1989 1254 95 104
0 1890 1373 114 143
1 1818 1453 107 93
0 1689 1432 146 49
0 1507 1523 115 137
0 1469 1739 86 151
0 1290 1618 144 49
1 1499 1892 112 101
2 1753 1879 138 135
0 1808 2025 96 148
1 1381 2036 102 110
2 1843 2157 111 142
2 2287 1984 108 142
0 2162 2284 83 151
2 2240 2428 133 110
0 2626 2202 109 156
0 2418 2016 160 71
0 2656 1937 128 141
2 2726 1835 116 149
1 3001 1883 106 113
0 2083 1736 148 60
0 2282 1601 109 137
0 2488 1543 158 54
0 2728 1428 126 139
0 2938 1372 166 48
2 2237 1273 79 127
2 2381 1085 120 128
0 2544 1088 146 79
1 2686 1070 85 106
0 2775 950 135 137
0 1789 2276 101 133
3 1400 910 140 144>
3 1762 711 144 154>
3 2225 536 146 146>
3 2099 1007 144 144>
3 2652 896 150 152>
3 2531 1282 162 150>
3 2041 1477 146 144>
3 2954 1548 164 156>
3 2453 1717 154 150>
3 2908 2040 168 160>
3 2397 2228 152 154>
3 2006 2375 138 142>
3 1631 2057 152 142>
3 1974 1947 142 144>
3 1320 1850 138 144>
3 1751 1648 142 144>
3 1367 1315 138 142>
3 1717 1251 134 142>
