0 686 680 103 135
0 693 813 124 114
0 803 796 144 103
0 905 847 138 86
0 964 822 149 60
0 1140 824 126 115
0 939 786 141 62
0 860 723 143 81
0 849 657 144 44
0 892 621 151 57
0 935 555 140 60
1 1031 579 106 101
0 1162 512 95 146
0 1758 849 127 120
1 1866 921 102 93
0 1882 1055 76 148
0 1465 1183 126 122
2 1874 1201 136 131
2 1580 1287 152 109
2 2046 1334 130 74
0 2318 1087 48 147
0 2377 1286 150 106
0 2205 869 141 117
0 2148 678 44 156
1 2639 589 107 106
2 2598 837 142 129
0 2709 905 148 124
0 2982 925 155 111
0 2806 1135 66 156
2 2775 1264 147 123
2 3261 1298 123 153
0 3112 1394 163 88
2 2996 1739 157 122
0 3131 1806 160 120
0 2848 1782 159 103
2 2688 1843 137 139
1 2714 2139 101 111
1 2886 2278 116 111
0 2548 2176 160 100
0 2418 2375 56 159
0 2306 2119 149 128
0 2210 1915 53 153
1 2229 1769 105 105
0 2145 1695 140 109
2 1927 2118 132 87
1 1742 1981 106 68
0 1588 2027 149 104
1 1772 1701 104 85
0 1654 1604 139 104
0 1463 1587 148 93
0 1107 2715 113 142
0 1047 2752 129 146
1 1146 2905 113 106
3 1706 969 154 140>
3 2317 658 160 130>
3 2803 671 172 144>
3 2488 1115 156 146>
3 2064 1051 142 146>
3 3032 1150 168 164>
3 3223 1564 162 160>
3 2758 1597 164 162>
3 2255 1540 150 154>
3 1788 1487 152 144>
3 1356 1373 146 142>
3 1497 1829 138 142>
3 2022 1883 142 144>
3 2444 1849 166 156>
3 2896 1987 166 160>
3 2686 2359 160 162>
3 2088 2280 150 156>
3 1663 2232 140 150>
