3 2125 721 144 128>
3 2627 884 160 144>
3 3069 1022 152 144>
3 2782 1374 156 156>
3 2233 1233 136 136>
3 1788 1048 132 128>
3 1896 1496 124 128>
3 1575 1693 136 144>
3 2022 2006 152 136>
3 1613 2243 136 148>
3 2386 1693 144 140>
3 2488 2125 144 148>
3 2754 1773 152 156>
3 2063 2488 144 144>
3 2500 2651 132 144>
3 2832 2358 160 164>
3 3161 1536 152 148>
3 3308 1952 148 148>
0 2287 2560 73 169
2 2607 2366 116 148
1 2362 2407 116 114
1 2169 2178 112 102
0 1857 2330 82 159
0 2013 2197 143 72
0 1555 2029 147 39
2 1722 2015 143 111
2 1873 1737 86 121
2 2092 1699 130 128
1 2268 1897 103 82
0 2434 1887 153 62
0 2648 1993 122 147
1 2553 1877 76 98
0 3145 2170 129 146
0 2874 2072 164 58
0 3080 1924 86 172
2 2926 1589 133 64
1 3165 1777 109 77
1 3390 1745 121 85
0 2541 1464 111 136
0 2289 1425 157 66
1 1662 1545 102 107
0 1768 1626 99 130
0 1529 1573 151 36
2 2119 980 84 140
0 1693 1184 124 126
0 1866 1266 148 62
0 2100 1338 110 127
2 2545 1140 96 142
0 2471 1031 107 131
0 2441 765 74 153
0 2239 944 169 68
1 1971 787 78 101
0 2869 990 82 157
2 2903 821 159 121
0 2980 1432 81 152
2 3051 1293 108 145
0 3180 1245 179 84
0 1213 588 144 121
0 1053 2012 47 149
0 845 1778 81 159
1 797 1925 81 98
0 709 2116 132 126
0 605 2261 87 161
0 774 2250 74 151
0 710 2060 138 121
0 700 2355 150 54
0 1470 300 145 102
0 917 2147 134 108
0 883 2211 145 89
0 705 1970 120 145
0 873 2141 133 108
1 1322 342 119 123
1 1156 555 102 107
