3 276 385 56 50>
3 426 373 46 46>
3 579 375 50 44>
3 621 275 44 38>
3 499 268 46 38>
3 352 258 48 38>
3 206 273 52 38>
3 163 181 42 32>
3 304 179 40 32>
3 417 183 44 30>
3 543 182 38 34>
3 663 190 40 34>
3 580 113 36 28>
3 485 114 38 28>
3 358 109 40 24>
3 245 108 42 28>
3 410 55 36 24>
3 309 49 40 22>
1 427 303 26 24
0 280 277 14 41
0 425 269 15 43
1 286 234 31 28
1 486 206 25 24
0 482 180 14 32
1 181 127 31 31
1 299 128 22 19
1 601 151 30 26
0 603 176 18 39
0 328 142 38 26
1 420 88 23 22
0 392 81 35 21
0 205 146 37 27
