3 1633 996 136 140>
3 1565 1438 132 136>
3 2017 1312 132 136>
3 1910 1713 124 132>
3 1781 2081 144 152>
3 2161 2503 140 156>
3 2324 2043 148 148>
3 2412 1565 148 148>
3 2507 1093 144 140>
3 2105 817 136 140>
3 2507 673 140 144>
3 2892 982 148 140>
3 2742 1402 160 148>
3 2760 1828 148 152>
3 2665 2400 160 160>
3 3111 2245 156 160>
3 3177 1794 164 148>
3 3262 1201 156 152>
4 872 1612 147 90
0 1752 1563 119 131
0 1564 1603 149 52
0 1672 2013 122 127
1 1757 1904 81 92
0 1891 1902 142 76
0 1969 2364 123 128
2 2092 2244 110 143
0 2404 2414 88 161
0 2887 2309 98 161
0 2439 2197 119 145
1 2548 2080 90 114
1 2850 2140 84 110
1 3004 1941 89 134
1 2449 1796 95 103
2 2033 1923 119 126
2 2187 1746 80 131
0 1975 1468 139 60
0 2173 1417 104 134
0 2569 1681 120 140
1 2648 1604 110 106
0 2798 1638 163 62
0 3015 1554 123 141
0 3287 1461 166 66
0 3079 1318 96 159
0 2386 1298 144 67
0 2071 1022 147 72
2 2192 1048 106 149
0 1849 1095 126 139
2 1774 1187 107 144
1 1547 1137 83 100
0 1898 851 88 141
2 2658 873 110 137
2 2270 627 139 111
0 2344 766 60 151
0 2737 766 101 139
2 2748 1161 135 132
1 3045 1156 112 98
1 3190 1001 103 114
0 2700 1016 91 149
0 1560 2685 105 157
0 1239 2627 141 120
1 1218 2729 102 129
0 849 1442 81 144
0 750 1525 138 75
1 780 1453 70 90
0 892 1078 88 145
1 652 1258 102 82
1 658 1154 74 118
1 1290 2779 115 121
0 1247 2858 44 112
