0 3410 1879 124 152
0 3694 1773 184 53
0 3847 1791 149 147
0 3631 1820 180 52
0 3677 1851 180 40
0 3806 1891 182 41
0 3857 1963 187 72
0 3821 2014 190 65
0 3788 2103 179 107
1 3655 2102 124 115
1 3639 2197 121 102
0 3526 2217 59 170
0 454 1916 135 54
0 318 1922 46 135
0 395 2205 40 131
0 359 2322 129 76
0 555 2321 135 78
0 599 2465 125 83
0 374 2501 126 47
0 563 2551 105 113
1 646 2552 106 94
0 1628 897 63 136
2 2094 924 146 120
0 1791 1066 138 68
0 1586 1104 119 125
1 1300 1136 107 66
1 1465 1191 107 97
0 1929 1204 70 144
1 2318 977 101 85
0 2453 866 119 139
1 2387 1229 88 72
0 2540 1278 152 61
0 2745 1217 135 131
1 1951 1334 83 97
0 2053 1369 149 58
1 2189 1424 92 64
2 2719 1551 125 69
0 2893 1615 161 83
2 2251 1662 136 94
2 2458 1733 121 132
0 2516 1873 37 140
1 2575 1999 108 104
0 2716 2039 154 92
0 2391 2301 86 151
0 2274 2137 149 87
0 2099 1961 58 144
0 1823 2220 144 84
2 1926 2257 139 141
0 1598 2264 117 121
0 1677 2043 48 149
2 1658 1926 138 127
0 1381 1901 116 104
2 1288 2017 121 131
1 1974 2499 100 104
0 1980 1802 141 63
0 1800 1664 61 138
2 1361 1590 136 113
0 1259 1582 134 58
0 1471 1518 119 124
2 1566 1421 131 93
3 1438 1008 132 140>
3 1923 849 140 146>
3 2308 723 144 146>
3 2617 1002 152 162>
3 2103 1164 140 140>
3 1761 1338 140 140>
3 1383 1370 138 134>
3 2454 1436 146 144>
3 2938 1390 152 150>
3 2726 1904 156 150>
3 2340 1923 150 146>
3 1947 1984 144 144>
3 2014 1537 140 144>
3 1589 1641 128 140>
3 1259 1798 126 134>
3 1501 2088 134 140>
3 2244 2368 146 140>
3 1822 2461 140 144>
