0 1038 133 125 127
0 1056 61 128 119
0 3815 564 183 88
0 3962 641 130 169
0 3742 685 63 163
0 3606 759 175 126
0 3582 831 163 143
0 3638 832 164 131
0 3771 793 170 122
0 3857 822 151 152
0 3864 886 159 150
0 3434 1008 49 164
1 3781 1052 105 107
0 3888 978 125 166
1 3820 1138 130 108
0 3741 1222 122 161
0 3478 2614 158 132
0 3636 2604 180 90
1 3552 2656 113 117
0 864 2848 120 127
0 2051 727 55 163
1 1995 882 103 109
2 1782 967 120 137
1 2199 1059 102 105
0 2353 1010 152 94
0 2494 847 73 153
2 2668 1132 137 128
0 2851 1086 163 68
2 2547 1437 68 124
0 2681 1530 119 133
1 2804 1603 95 106
0 2950 1550 166 61
2 2325 1503 129 136
1 2136 1332 103 92
0 1988 1374 149 82
1 1884 1398 85 104
0 1788 1302 130 123
0 1598 1267 154 82
0 1363 1220 121 119
0 1440 1422 69 150
1 1378 1562 107 63
1 1206 1610 114 91
2 1596 1702 137 76
0 1939 1780 119 127
0 2174 1789 148 80
0 2369 1861 130 127
0 2626 1907 161 73
0 2827 1986 147 128
2 2389 2226 94 152
1 2579 2421 75 103
0 2278 2266 150 71
0 2047 2191 121 134
0 2109 2450 52 164
2 1683 2411 135 114
0 1700 2252 61 150
2 1958 2094 97 142
2 1511 1976 103 131
0 1401 2037 128 72
0 1558 1844 60 152
3 1851 685 140 146>
3 2269 746 140 146>
3 2755 878 154 154>
3 1592 1008 134 152>
3 1919 1167 140 144>
3 2368 1193 154 152>
3 2883 1433 160 162>
3 2559 1678 160 156>
3 2052 1544 150 146>
3 1720 1516 134 142>
3 1256 1422 140 144>
3 1406 1772 140 138>
3 1739 1886 142 142>
3 2249 1974 150 144>
3 2737 2133 162 152>
3 2417 2489 160 152>
3 1917 2341 142 150>
3 1527 2227 134 146>
4 3539 2435 152 160>
