0 728 164 118 141
0 722 241 121 140
0 3586 223 180 110
0 3745 275 150 158
0 3539 354 47 173
0 3421 449 159 142
0 3422 535 105 173
0 3475 533 105 169
0 3587 453 159 143
0 3672 469 132 169
0 3692 533 142 158
0 3734 620 105 171
0 3415 688 185 86
0 3295 722 79 168
1 3640 709 125 116
1 3702 785 137 123
0 3640 886 147 151
1 3002 1312 94 108
1 2803 1418 116 81
1 2541 1280 102 109
0 2854 1774 158 99
0 2693 1771 152 115
0 3791 2291 183 65
0 3636 2329 149 148
1 3719 2359 108 114
0 3393 2694 152 145
0 3433 2729 148 142
0 3361 2804 167 90
1 3703 2672 131 115
1 3792 2653 127 124
2 1841 807 127 145
0 2324 715 45 168
0 2224 880 148 109
2 1591 948 145 127
1 2061 974 109 110
2 2548 976 123 82
1 2046 1260 107 101
0 1905 1332 144 113
1 1801 1368 99 106
0 1679 1301 153 75
2 2253 1419 141 115
0 1813 1515 36 153
0 1872 1715 143 103
0 2153 1735 146 105
0 2381 1750 138 111
0 2001 1967 41 156
0 2075 2140 145 121
2 2468 2122 127 162
2 2710 2267 142 149
2 2210 2271 113 151
0 2205 2439 33 167
2 1734 2448 146 113
0 1751 2323 49 158
1 1540 1767 113 109
0 1463 1307 146 100
0 1237 1296 141 112
0 1349 1481 48 148
2 1338 1620 148 105
0 1547 1898 42 152
1 1549 2066 75 99
0 1419 2118 147 112
3 1646 660 146 150>
3 2076 646 154 146>
3 2588 702 154 160>
3 1443 1040 146 152>
3 1798 1133 142 154>
3 2267 1094 146 150>
4 2818 1132 102 116>
3 1156 1526 142 150>
3 1660 1518 144 146>
3 2009 1494 154 154>
3 2551 1544 152 154>
3 3008 1608 164 152>
3 2808 1963 160 160>
3 2278 1900 154 160>
3 1736 1898 144 150>
3 1367 1846 144 144>
3 1576 2303 140 150>
3 1997 2342 154 152>
3 2546 2387 162 156>
