0 255 1604 72 141
0 399 1621 140 38
0 285 1921 65 143
0 228 2039 137 66
0 433 2069 134 94
0 461 2232 136 107
0 213 2231 133 43
0 405 2319 122 112
1 493 2322 112 105
1 1418 921 104 83
0 1801 722 46 154
0 1946 918 146 87
1 1587 1002 112 99
0 1726 935 138 123
0 2073 1084 46 154
2 2299 811 144 121
1 2527 894 100 83
0 2685 804 148 140
1 2559 1179 101 78
0 2713 1253 172 86
0 2948 1221 162 130
1 2317 1352 106 83
2 2877 1577 142 86
0 3054 1667 166 116
2 2563 1726 135 137
0 2605 1889 49 159
1 2649 2031 113 99
0 2797 2093 159 118
0 2300 2135 161 113
0 2136 1917 47 161
0 2033 1727 148 84
2 2349 1618 145 87
1 2082 1223 94 105
0 2177 1276 165 83
2 1654 1259 145 112
0 1535 1350 140 121
2 1410 1414 153 115
0 1296 1379 132 65
0 1864 1554 38 145
2 1668 1813 156 126
0 1377 1746 133 98
2 1264 1850 129 137
0 1674 1937 44 152
0 1555 2169 137 123
0 1797 2157 155 113
2 1904 2211 154 142
1 1919 2473 107 109
0 2402 2332 62 169
0 3654 2409 90 186
1 3783 2407 138 124
1 3807 2307 141 137
0 3941 2329 177 87
0 3576 2026 150 158
0 3896 1955 203 82
0 3824 1993 196 49
0 3866 2037 200 54
3 1582 808 134 140>
3 2121 706 154 156>
3 2556 628 152 150>
3 2844 974 166 156>
3 2267 1065 160 154>
3 1876 1201 146 150>
3 1468 1181 140 140>
3 1267 1613 134 150>
3 1643 1497 142 146>
3 2111 1454 146 154>
3 2600 1405 162 160>
3 3134 1433 166 156>
3 2828 1957 166 162>
3 2405 1916 160 162>
3 1969 1922 142 156>
3 1482 1960 144 154>
3 1757 2413 146 154>
3 2232 2379 152 160>
