3 1841 1868 148 148
3 2383 1878 152 152
3 2119 1483 142 142
3 1767 1493 142 142
3 1791 623 150 150
3 2226 616 152 152
3 2745 690 154 154
3 2397 1078 162 162
3 1915 1098 134 134
3 1573 1008 132 132
3 1275 1483 128 128
3 1480 1798 138 138
3 2909 1972 156 156
3 2671 1550 156 156
3 3134 1620 152 152
3 2089 2310 138 138
3 2634 2380 146 146
3 1674 2256 142 142
4 2962 1131 124 124
0 873 90 121 145
0 865 171 117 139
0 3434 2823 169 98
0 3470 729 69 164
0 3598 700 183 78
0 3617 452 165 140
0 3821 910 142 152
0 3614 543 114 171
0 3671 543 113 179
1 3830 730 120 122
0 3742 360 48 179
0 3732 2364 147 144
1 3817 2393 106 114
0 3898 2333 181 66
2 1724 913 151 130
0 1527 2065 139 103
2 1981 776 127 143
1 2196 951 106 106
0 1849 2281 50 153
2 1822 2402 139 112
0 2293 2415 34 163
2 2307 2248 106 147
0 2171 2117 140 128
0 2102 1943 38 155
1 1655 2021 68 99
2 2570 2115 126 152
2 2808 2267 140 145
0 2491 1746 135 119
0 2809 1775 150 113
0 2969 1789 147 105
0 2262 1720 147 98
0 1980 1692 141 106
0 1925 1487 42 151
0 1655 1857 32 150
1 1653 1726 112 98
2 1456 1571 140 99
0 1472 1443 52 154
0 1584 1267 133 101
0 1363 1256 129 111
0 1800 1271 147 81
0 2025 1310 139 107
1 1922 1342 92 103
1 2171 1243 108 100
2 2379 1408 134 116
1 2674 1275 106 105
1 2934 1423 105 74
1 3141 1322 92 107
0 2365 860 150 107
0 2474 691 49 160
0 3476 2709 149 137
0 3508 2748 145 139
0 3793 464 158 148
0 3880 479 133 166
0 3935 637 111 175
1 3892 808 137 119
1 3884 2692 121 131
1 3563 2791 116 118
