1 1913 683 98 102
1 1987 850 72 95
0 2131 876 142 38
0 2317 760 102 132
0 2306 1007 94 136
2 2621 1145 128 91
1 2733 1351 104 90
0 2906 1379 152 34
0 2295 1210 103 131
2 1886 1089 97 131
0 1751 1078 138 33
2 1624 1055 126 69
0 1565 963 92 120
0 1420 1276 140 33
2 1275 1285 99 114
0 1872 1429 97 115
2 1592 1499 129 52
0 1528 1588 103 110
0 1321 1675 135 28
0 1500 1807 86 132
2 1545 1907 128 58
1 1414 2087 96 58
0 1819 2261 99 134
0 1858 2076 88 139
0 1861 1841 101 124
1 2153 2207 92 88
0 2217 2332 76 150
0 2204 2087 114 115
2 2267 1963 125 74
2 2567 2035 122 133
0 2637 2200 80 151
0 2828 1832 151 48
0 2653 1719 101 136
1 2584 1576 99 99
2 2177 1762 130 102
0 1896 1653 93 130
1 2309 1557 89 99
0 2257 1417 96 133
1 2218 1322 96 86
0 3433 162 154 124
0 3517 164 147 120
2 3860 202 167 142
0 3858 412 79 157
0 3722 958 68 146
0 3798 954 80 154
0 669 480 114 123
0 769 582 121 97
0 326 930 114 99
0 535 739 119 106
1 491 1164 76 81
0 1112 2658 122 126
0 1400 2852 120 128
4 1547 2892 117 135
2 1155 2794 143 122
0 3035 2860 128 150
0 2777 2721 152 53
